LabVIEW Measurement	
Writer_Version	2
Reader_Version	2
Separator	Tab
Decimal_Separator	,
Multi_Headings	No
X_Columns	One
Time_Pref	Absolute
Operator	lpdan
Date	2026/05/05
Time	13:07:05,8198280833529510833
***End_of_Header***	
	
Channels	1	
Samples	100	
Date	2026/05/05	
Time	13:07:05,8198280833529510833	
Y_Unit_Label	Volts	
X_Dimension	Time	
X0	0,0000000000000000E+0	
Delta_X	0,010000	
***End_of_Header***		
X_Value	Voltage	Comment
0,000000	0,212324
0,010000	0,211687
0,020000	0,211049
0,030000	0,215511
0,040000	0,213599
0,050000	0,209775
0,060000	0,214236
0,070000	0,212324
0,080000	0,219972
0,090000	0,211687
0,100000	0,211049
0,110000	0,212961
0,120000	0,211049
0,130000	0,212961
0,140000	0,209137
0,150000	0,218698
0,160000	0,217423
0,170000	0,214873
0,180000	0,214873
0,190000	0,208500
0,200000	0,218698
0,210000	0,213599
0,220000	0,210412
0,230000	0,212324
0,240000	0,212324
0,250000	0,212961
0,260000	0,209775
0,270000	0,205950
0,280000	0,214236
0,290000	0,218060
0,300000	0,221884
0,310000	0,216148
0,320000	0,213599
0,330000	0,201489
0,340000	0,212324
0,350000	0,213599
0,360000	0,214236
0,370000	0,214236
0,380000	0,209137
0,390000	0,218060
0,400000	0,198939
0,410000	0,212324
0,420000	0,216148
0,430000	0,218060
0,440000	0,216148
0,450000	0,218060
0,460000	0,206588
0,470000	0,211049
0,480000	0,219335
0,490000	0,206588
0,500000	0,211687
0,510000	0,214236
0,520000	0,211687
0,530000	0,216786
0,540000	0,216786
0,550000	0,215511
0,560000	0,212961
0,570000	0,213599
0,580000	0,214873
0,590000	0,209775
0,600000	0,217423
0,610000	0,213599
0,620000	0,213599
0,630000	0,211049
0,640000	0,207862
0,650000	0,211687
0,660000	0,213599
0,670000	0,214873
0,680000	0,208500
0,690000	0,215511
0,700000	0,216786
0,710000	0,216148
0,720000	0,212961
0,730000	0,207862
0,740000	0,212324
0,750000	0,212324
0,760000	0,216786
0,770000	0,209775
0,780000	0,209137
0,790000	0,212961
0,800000	0,211049
0,810000	0,217423
0,820000	0,210412
0,830000	0,220610
0,840000	0,219972
0,850000	0,212961
0,860000	0,208500
0,870000	0,216786
0,880000	0,211049
0,890000	0,212961
0,900000	0,207225
0,910000	0,212324
0,920000	0,209137
0,930000	0,215511
0,940000	0,211049
0,950000	0,209137
0,960000	0,216148
0,970000	0,212961
0,980000	0,212961
0,990000	0,211049
1,000000	0,212961
1,010000	0,209137
1,020000	0,201489
1,030000	0,208500
1,040000	0,204038
1,050000	0,214236
1,060000	0,202763
1,070000	0,209137
1,080000	0,211049
1,090000	0,208500
1,100000	0,208500
1,110000	0,209137
1,120000	0,185555
1,130000	0,210412
1,140000	0,214873
1,150000	0,204676
1,160000	0,214236
1,170000	0,208500
1,180000	0,211049
1,190000	0,202763
1,200000	0,216148
1,210000	0,207862
1,220000	0,222522
1,230000	0,207862
1,240000	0,206588
1,250000	0,211687
1,260000	0,210412
1,270000	0,213599
1,280000	0,209775
1,290000	0,203401
1,300000	0,211687
1,310000	0,205313
1,320000	0,205950
1,330000	0,204038
1,340000	0,218060
1,350000	0,207862
1,360000	0,202126
1,370000	0,200214
1,380000	0,209137
1,390000	0,214236
1,400000	0,212961
1,410000	0,205950
1,420000	0,252478
1,430000	0,205313
1,440000	0,209137
1,450000	0,209137
1,460000	0,219972
1,470000	0,205950
1,480000	0,208500
1,490000	0,211687
1,500000	0,214236
1,510000	0,206588
1,520000	0,216148
1,530000	0,203401
1,540000	0,207225
1,550000	0,210412
1,560000	0,192566
1,570000	0,211049
1,580000	0,213599
1,590000	0,198302
1,600000	0,207862
1,610000	0,213599
1,620000	0,213599
1,630000	0,209137
1,640000	0,214236
1,650000	0,212961
1,660000	0,210412
1,670000	0,213599
1,680000	0,211687
1,690000	0,210412
1,700000	0,208500
1,710000	0,214236
1,720000	0,210412
1,730000	0,214236
1,740000	0,213599
1,750000	0,205950
1,760000	0,214236
1,770000	0,211687
1,780000	0,208500
1,790000	0,214873
1,800000	0,209137
1,810000	0,219972
1,820000	0,211687
1,830000	0,214873
1,840000	0,212961
1,850000	0,209775
1,860000	0,214236
1,870000	0,209775
1,880000	0,215511
1,890000	0,210412
1,900000	0,213599
1,910000	0,207225
1,920000	0,213599
1,930000	0,211687
1,940000	0,210412
1,950000	0,206588
1,960000	0,211687
1,970000	0,214873
1,980000	0,216148
1,990000	0,208500
2,000000	0,212324
2,010000	0,212324
2,020000	0,216148
2,030000	0,208500
2,040000	0,216148
2,050000	0,212961
2,060000	0,216148
2,070000	0,210412
2,080000	0,214236
2,090000	0,210412
2,100000	0,213599
2,110000	0,210412
2,120000	0,216786
2,130000	0,205950
2,140000	0,216148
2,150000	0,209775
2,160000	0,212324
2,170000	0,210412
2,180000	0,207862
2,190000	0,214236
2,200000	0,208500
2,210000	0,211687
2,220000	0,214236
2,230000	0,211687
2,240000	0,212324
2,250000	0,212324
2,260000	0,209137
2,270000	0,215511
2,280000	0,213599
2,290000	0,214236
2,300000	0,212324
2,310000	0,213599
2,320000	0,213599
2,330000	0,209775
2,340000	0,211687
2,350000	0,205313
2,360000	0,219335
2,370000	0,211687
2,380000	0,211049
2,390000	0,216148
2,400000	0,213599
2,410000	0,216148
2,420000	0,216786
2,430000	0,216786
2,440000	0,219335
2,450000	0,211687
2,460000	0,214236
2,470000	0,211687
2,480000	0,217423
2,490000	0,215511
2,500000	0,214236
2,510000	0,214873
2,520000	0,216148
2,530000	0,213599
2,540000	0,213599
2,550000	0,209775
2,560000	0,216148
2,570000	0,211687
2,580000	0,212961
2,590000	0,211687
2,600000	0,215511
2,610000	0,212324
2,620000	0,215511
2,630000	0,207862
2,640000	0,209775
2,650000	0,209775
2,660000	0,209775
2,670000	0,212961
2,680000	0,214236
2,690000	0,211687
2,700000	0,212324
2,710000	0,213599
2,720000	0,213599
2,730000	0,213599
2,740000	0,216148
2,750000	0,209137
2,760000	0,212961
2,770000	0,207225
2,780000	0,208500
2,790000	0,211049
2,800000	0,214236
2,810000	0,213599
2,820000	0,214236
2,830000	0,212961
2,840000	0,210412
2,850000	0,211049
2,860000	0,214236
2,870000	0,209775
2,880000	0,210412
2,890000	0,212961
2,900000	0,209137
2,910000	0,211687
2,920000	0,213599
2,930000	0,216148
2,940000	0,212324
2,950000	0,216148
2,960000	0,208500
2,970000	0,209137
2,980000	0,207862
2,990000	0,215511
3,000000	0,204038
3,010000	0,211687
3,020000	0,204038
3,030000	0,209137
3,040000	0,188741
3,050000	0,187467
3,060000	0,178544
3,070000	0,175994
3,080000	0,170895
3,090000	0,160060
3,100000	0,156873
3,110000	0,150499
3,120000	0,146675
3,130000	0,140939
3,140000	0,137752
3,150000	0,132653
3,160000	0,128192
3,170000	0,126917
3,180000	0,123093
3,190000	0,123093
3,200000	0,122455
3,210000	0,119269
3,220000	0,114170
3,230000	0,110983
3,240000	0,112895
3,250000	0,110983
3,260000	0,107159
3,270000	0,109071
3,280000	0,105246
3,290000	0,105246
3,300000	0,102697
3,310000	0,103972
3,320000	0,098873
3,330000	0,098873
3,340000	0,098235
3,350000	0,099510
3,360000	0,098235
3,370000	0,098235
3,380000	0,095686
3,390000	0,092499
3,400000	0,093774
3,410000	0,093137
3,420000	0,094411
3,430000	0,091862
3,440000	0,094411
3,450000	0,089950
3,460000	0,093137
3,470000	0,091224
3,480000	0,091862
3,490000	0,091224
3,500000	0,092499
3,510000	0,090587
3,520000	0,090587
3,530000	0,087400
3,540000	0,091862
3,550000	0,088038
3,560000	0,088675
3,570000	0,086763
3,580000	0,085488
3,590000	0,088675
3,600000	0,086763
3,610000	0,088038
3,620000	0,087400
3,630000	0,089950
3,640000	0,093774
3,650000	0,086763
3,660000	0,094411
3,670000	0,091862
3,680000	0,091224
3,690000	0,093137
3,700000	0,092499
3,710000	0,096961
3,720000	0,096323
3,730000	0,100785
3,740000	0,098873
3,750000	0,101422
3,760000	0,100148
3,770000	0,105246
3,780000	0,103972
3,790000	0,108433
3,800000	0,112258
3,810000	0,116719
3,820000	0,117994
3,830000	0,123093
3,840000	0,128829
3,850000	0,129466
3,860000	0,134565
3,870000	0,142214
3,880000	0,145401
3,890000	0,151137
3,900000	0,156873
3,910000	0,159423
3,920000	0,168346
3,930000	0,167708
3,940000	0,181093
3,950000	0,174719
3,960000	0,179181
3,970000	0,179181
3,980000	0,186192
3,990000	0,183643
4,000000	0,190654
4,010000	0,186192
4,020000	0,188741
4,030000	0,186829
4,040000	0,189379
4,050000	0,182368
4,060000	0,182368
4,070000	0,175994
4,080000	0,170258
4,090000	0,157511
4,100000	0,155598
4,110000	0,146675
4,120000	0,142851
4,130000	0,139664
4,140000	0,132653
4,150000	0,126280
4,160000	0,123093
4,170000	0,125005
4,180000	0,122455
4,190000	0,117356
4,200000	0,115444
4,210000	0,114807
4,220000	0,110983
4,230000	0,110983
4,240000	0,105884
4,250000	0,107159
4,260000	0,105884
4,270000	0,102060
4,280000	0,101422
4,290000	0,099510
4,300000	0,097598
4,310000	0,097598
4,320000	0,098235
4,330000	0,096323
4,340000	0,092499
4,350000	0,096323
4,360000	0,096323
4,370000	0,095049
4,380000	0,092499
4,390000	0,095049
4,400000	0,091862
4,410000	0,091224
4,420000	0,094411
4,430000	0,089950
4,440000	0,093137
4,450000	0,089312
4,460000	0,089950
4,470000	0,090587
4,480000	0,089950
4,490000	0,088675
4,500000	0,091224
4,510000	0,089950
4,520000	0,091224
4,530000	0,088675
4,540000	0,087400
4,550000	0,088675
4,560000	0,087400
4,570000	0,086126
4,580000	0,088038
4,590000	0,086126
4,600000	0,087400
4,610000	0,086763
4,620000	0,083576
4,630000	0,088675
4,640000	0,087400
4,650000	0,088675
4,660000	0,089950
4,670000	0,090587
4,680000	0,093137
4,690000	0,088675
4,700000	0,091862
4,710000	0,092499
4,720000	0,091862
4,730000	0,095686
4,740000	0,098873
4,750000	0,098873
4,760000	0,103334
4,770000	0,102060
4,780000	0,105884
4,790000	0,106521
4,800000	0,110983
4,810000	0,112258
4,820000	0,116719
4,830000	0,114807
4,840000	0,123093
4,850000	0,125005
4,860000	0,129466
4,870000	0,134565
4,880000	0,141576
4,890000	0,145401
4,900000	0,155598
4,910000	0,153049
4,920000	0,158785
4,930000	0,161335
4,940000	0,161972
4,950000	0,168346
4,960000	0,168346
4,970000	0,172807
4,980000	0,170895
4,990000	0,175357
5,000000	0,178544
5,010000	0,181093
5,020000	0,173445
5,030000	0,184280
5,040000	0,179181
5,050000	0,188104
5,060000	0,181730
5,070000	0,183005
5,080000	0,174719
5,090000	0,161335
5,100000	0,156873
5,110000	0,151137
5,120000	0,146038
5,130000	0,137752
5,140000	0,137115
5,150000	0,130104
5,160000	0,129466
5,170000	0,123093
5,180000	0,117994
5,190000	0,119906
5,200000	0,114170
5,210000	0,112258
5,220000	0,109708
5,230000	0,107159
5,240000	0,106521
5,250000	0,101422
5,260000	0,104609
5,270000	0,100148
5,280000	0,102060
5,290000	0,096961
5,300000	0,096961
5,310000	0,094411
5,320000	0,094411
5,330000	0,093137
5,340000	0,094411
5,350000	0,093137
5,360000	0,094411
5,370000	0,091224
5,380000	0,091224
5,390000	0,088675
5,400000	0,091862
5,410000	0,088038
5,420000	0,091224
5,430000	0,088675
5,440000	0,086763
5,450000	0,086763
5,460000	0,087400
5,470000	0,088675
5,480000	0,087400
5,490000	0,087400
5,500000	0,085488
5,510000	0,087400
5,520000	0,088038
5,530000	0,086126
5,540000	0,083576
5,550000	0,085488
5,560000	0,083576
5,570000	0,084851
5,580000	0,084851
5,590000	0,084213
5,600000	0,083576
5,610000	0,085488
5,620000	0,082939
5,630000	0,085488
5,640000	0,085488
5,650000	0,086763
5,660000	0,088038
5,670000	0,087400
5,680000	0,089950
5,690000	0,088038
5,700000	0,088675
5,710000	0,089312
5,720000	0,093774
5,730000	0,088038
5,740000	0,094411
5,750000	0,095686
5,760000	0,097598
5,770000	0,099510
5,780000	0,102060
5,790000	0,102697
5,800000	0,105884
5,810000	0,105884
5,820000	0,112258
5,830000	0,115444
5,840000	0,119906
5,850000	0,121181
5,860000	0,126280
5,870000	0,132653
5,880000	0,136477
5,890000	0,142214
5,900000	0,144763
5,910000	0,152412
5,920000	0,156873
5,930000	0,159423
5,940000	0,160697
5,950000	0,167071
5,960000	0,167071
5,970000	0,168346
5,980000	0,170895
5,990000	0,173445
6,000000	0,174082
6,010000	0,175994
6,020000	0,178544
6,030000	0,181093
6,040000	0,178544
6,050000	0,184917
6,060000	0,177269
6,070000	0,177906
6,080000	0,173445
6,090000	0,168983
6,100000	0,163247
6,110000	0,154961
6,120000	0,149225
6,130000	0,143488
6,140000	0,142214
6,150000	0,135840
6,160000	0,129466
6,170000	0,126917
6,180000	0,123730
6,190000	0,121818
6,200000	0,119906
6,210000	0,114807
6,220000	0,112258
6,230000	0,110983
6,240000	0,108433
6,250000	0,104609
6,260000	0,103972
6,270000	0,102060
6,280000	0,103334
6,290000	0,099510
6,300000	0,100148
6,310000	0,095049
6,320000	0,096961
6,330000	0,093774
6,340000	0,095686
6,350000	0,093137
6,360000	0,091224
6,370000	0,091224
6,380000	0,090587
6,390000	0,091862
6,400000	0,087400
6,410000	0,091862
6,420000	0,090587
6,430000	0,089312
6,440000	0,087400
6,450000	0,087400
6,460000	0,089312
6,470000	0,089950
6,480000	0,087400
6,490000	0,086763
6,500000	0,086763
6,510000	0,084851
6,520000	0,086126
6,530000	0,087400
6,540000	0,086126
6,550000	0,086763
6,560000	0,085488
6,570000	0,086763
6,580000	0,084213
6,590000	0,083576
6,600000	0,082301
6,610000	0,086763
6,620000	0,084213
6,630000	0,082301
6,640000	0,086126
6,650000	0,082939
6,660000	0,088675
6,670000	0,085488
6,680000	0,088038
6,690000	0,089312
6,700000	0,088038
6,710000	0,091224
6,720000	0,093137
6,730000	0,091224
6,740000	0,094411
6,750000	0,096323
6,760000	0,094411
6,770000	0,096961
6,780000	0,102060
6,790000	0,101422
6,800000	0,103972
6,810000	0,109071
6,820000	0,110983
6,830000	0,114170
6,840000	0,117356
6,850000	0,121181
6,860000	0,124367
6,870000	0,130741
6,880000	0,136477
6,890000	0,138390
6,900000	0,142851
6,910000	0,150499
6,920000	0,150499
6,930000	0,156236
6,940000	0,156873
6,950000	0,162609
6,960000	0,165796
6,970000	0,169620
6,980000	0,170258
6,990000	0,172807
7,000000	0,175994
7,010000	0,172170
7,020000	0,176631
7,030000	0,175357
7,040000	0,179181
7,050000	0,175994
7,060000	0,178544
7,070000	0,174719
7,080000	0,175357
7,090000	0,169620
7,100000	0,168346
7,110000	0,161972
7,120000	0,154961
7,130000	0,149225
7,140000	0,146038
7,150000	0,138390
7,160000	0,135203
7,170000	0,125642
7,180000	0,126917
7,190000	0,122455
7,200000	0,121181
7,210000	0,114807
7,220000	0,115444
7,230000	0,109708
7,240000	0,109071
7,250000	0,105884
7,260000	0,105884
7,270000	0,102697
7,280000	0,102060
7,290000	0,097598
7,300000	0,099510
7,310000	0,096961
7,320000	0,097598
7,330000	0,092499
7,340000	0,093774
7,350000	0,092499
7,360000	0,093774
7,370000	0,091224
7,380000	0,091224
7,390000	0,090587
7,400000	0,089950
7,410000	0,086126
7,420000	0,087400
7,430000	0,085488
7,440000	0,086763
7,450000	0,085488
7,460000	0,086763
7,470000	0,084213
7,480000	0,089312
7,490000	0,087400
7,500000	0,086126
7,510000	0,087400
7,520000	0,086763
7,530000	0,086763
7,540000	0,085488
7,550000	0,086126
7,560000	0,084213
7,570000	0,084213
7,580000	0,084851
7,590000	0,084213
7,600000	0,082301
7,610000	0,082301
7,620000	0,083576
7,630000	0,084213
7,640000	0,084213
7,650000	0,085488
7,660000	0,085488
7,670000	0,084851
7,680000	0,087400
7,690000	0,084213
7,700000	0,090587
7,710000	0,086763
7,720000	0,089950
7,730000	0,091862
7,740000	0,092499
7,750000	0,093137
7,760000	0,091224
7,770000	0,094411
7,780000	0,097598
7,790000	0,098235
7,800000	0,102697
7,810000	0,103334
7,820000	0,107796
7,830000	0,109708
7,840000	0,111620
7,850000	0,116082
7,860000	0,121181
7,870000	0,123093
7,880000	0,130104
7,890000	0,133928
7,900000	0,136477
7,910000	0,143488
7,920000	0,148587
7,930000	0,153049
7,940000	0,155598
7,950000	0,157511
7,960000	0,162609
7,970000	0,163247
7,980000	0,167708
7,990000	0,169620
8,000000	0,172170
8,010000	0,170895
8,020000	0,172170
8,030000	0,173445
8,040000	0,174719
8,050000	0,175357
8,060000	0,177269
8,070000	0,177269
8,080000	0,175994
8,090000	0,174719
8,100000	0,168346
8,110000	0,165796
8,120000	0,158148
8,130000	0,154961
8,140000	0,147950
8,150000	0,144763
8,160000	0,135840
8,170000	0,134565
8,180000	0,126280
8,190000	0,127554
8,200000	0,120543
8,210000	0,119906
8,220000	0,116082
8,230000	0,110983
8,240000	0,107159
8,250000	0,106521
8,260000	0,104609
8,270000	0,104609
8,280000	0,103972
8,290000	0,102060
8,300000	0,099510
8,310000	0,100148
8,320000	0,099510
8,330000	0,096323
8,340000	0,096323
8,350000	0,093774
8,360000	0,092499
8,370000	0,091862
8,380000	0,092499
8,390000	0,090587
8,400000	0,089950
8,410000	0,089950
8,420000	0,089312
8,430000	0,091224
8,440000	0,090587
8,450000	0,086763
8,460000	0,088675
8,470000	0,088038
8,480000	0,087400
8,490000	0,086126
8,500000	0,086763
8,510000	0,086763
8,520000	0,086126
8,530000	0,088675
8,540000	0,086763
8,550000	0,086763
8,560000	0,086126
8,570000	0,086126
8,580000	0,085488
8,590000	0,084851
8,600000	0,084213
8,610000	0,084213
8,620000	0,082939
8,630000	0,082301
8,640000	0,085488
8,650000	0,082939
8,660000	0,085488
8,670000	0,084213
8,680000	0,086126
8,690000	0,086126
8,700000	0,086126
8,710000	0,089950
8,720000	0,089312
8,730000	0,090587
8,740000	0,091224
8,750000	0,091224
8,760000	0,095686
8,770000	0,095049
8,780000	0,100148
8,790000	0,096961
8,800000	0,103334
8,810000	0,101422
8,820000	0,107796
8,830000	0,107796
8,840000	0,112258
8,850000	0,112895
8,860000	0,119906
8,870000	0,121181
8,880000	0,129466
8,890000	0,128192
8,900000	0,136477
8,910000	0,138390
8,920000	0,143488
8,930000	0,147313
8,940000	0,154324
8,950000	0,156236
8,960000	0,160697
8,970000	0,161972
8,980000	0,165159
8,990000	0,163884
9,000000	0,168346
9,010000	0,170895
9,020000	0,175357
9,030000	0,171533
9,040000	0,178544
9,050000	0,172170
9,060000	0,179181
9,070000	0,176631
9,080000	0,174082
9,090000	0,170258
9,100000	0,173445
9,110000	0,165796
9,120000	0,163884
9,130000	0,157511
9,140000	0,153049
9,150000	0,146038
9,160000	0,140302
9,170000	0,135203
9,180000	0,133291
9,190000	0,126917
9,200000	0,125005
9,210000	0,119906
9,220000	0,118631
9,230000	0,114807
9,240000	0,113532
9,250000	0,107159
9,260000	0,109071
9,270000	0,102697
9,280000	0,103972
9,290000	0,100785
9,300000	0,101422
9,310000	0,094411
9,320000	0,097598
9,330000	0,093137
9,340000	0,096961
9,350000	0,093137
9,360000	0,092499
9,370000	0,093774
9,380000	0,091862
9,390000	0,089312
9,400000	0,090587
9,410000	0,086126
9,420000	0,089312
9,430000	0,088038
9,440000	0,089312
9,450000	0,086126
9,460000	0,088038
9,470000	0,085488
9,480000	0,086763
9,490000	0,088038
9,500000	0,085488
9,510000	0,087400
9,520000	0,086126
9,530000	0,084213
9,540000	0,085488
9,550000	0,083576
9,560000	0,085488
9,570000	0,083576
9,580000	0,083576
9,590000	0,082939
9,600000	0,082301
9,610000	0,083576
9,620000	0,084213
9,630000	0,084851
9,640000	0,082301
9,650000	0,081027
9,660000	0,081027
9,670000	0,083576
9,680000	0,082939
9,690000	0,083576
9,700000	0,085488
9,710000	0,083576
9,720000	0,087400
9,730000	0,086763
9,740000	0,087400
9,750000	0,089950
9,760000	0,090587
9,770000	0,091224
9,780000	0,095686
9,790000	0,095686
9,800000	0,096323
9,810000	0,096961
9,820000	0,100148
9,830000	0,105884
9,840000	0,105884
9,850000	0,107159
9,860000	0,112258
9,870000	0,114170
9,880000	0,119906
9,890000	0,121818
9,900000	0,129466
9,910000	0,129466
9,920000	0,140302
9,930000	0,137752
9,940000	0,147950
9,950000	0,151137
9,960000	0,153049
9,970000	0,153049
9,980000	0,160697
9,990000	0,163247
10,000000	0,163884
10,010000	0,165796
10,020000	0,170258
10,030000	0,167071
10,040000	0,170895
10,050000	0,173445
10,060000	0,173445
10,070000	0,172170
10,080000	0,171533
10,090000	0,175357
10,100000	0,174719
10,110000	0,171533
10,120000	0,168983
10,130000	0,165159
10,140000	0,160697
10,150000	0,152412
10,160000	0,146038
10,170000	0,145401
10,180000	0,141576
10,190000	0,134565
10,200000	0,127554
10,210000	0,127554
10,220000	0,124367
10,230000	0,116719
10,240000	0,116082
10,250000	0,110983
10,260000	0,109708
10,270000	0,109071
10,280000	0,103334
10,290000	0,103972
10,300000	0,102697
10,310000	0,099510
10,320000	0,096961
10,330000	0,100148
10,340000	0,093774
10,350000	0,097598
10,360000	0,094411
10,370000	0,091862
10,380000	0,093774
10,390000	0,091862
10,400000	0,091224
10,410000	0,087400
10,420000	0,087400
10,430000	0,090587
10,440000	0,087400
10,450000	0,086763
10,460000	0,088675
10,470000	0,088038
10,480000	0,088675
10,490000	0,088038
10,500000	0,087400
10,510000	0,088038
10,520000	0,088038
10,530000	0,085488
10,540000	0,088038
10,550000	0,083576
10,560000	0,088675
10,570000	0,086763
10,580000	0,087400
10,590000	0,084213
10,600000	0,084851
10,610000	0,080389
10,620000	0,084851
10,630000	0,081664
10,640000	0,082939
10,650000	0,082939
10,660000	0,083576
10,670000	0,082301
10,680000	0,084213
10,690000	0,083576
10,700000	0,086126
10,710000	0,084851
10,720000	0,088675
10,730000	0,088675
10,740000	0,085488
10,750000	0,090587
10,760000	0,090587
10,770000	0,091862
10,780000	0,094411
10,790000	0,093137
10,800000	0,095049
10,810000	0,096961
10,820000	0,100148
10,830000	0,104609
10,840000	0,105246
10,850000	0,112258
10,860000	0,112895
10,870000	0,113532
10,880000	0,119269
10,890000	0,121181
10,900000	0,127554
10,910000	0,132653
10,920000	0,137115
10,930000	0,142214
10,940000	0,147950
10,950000	0,149225
10,960000	0,153049
10,970000	0,158785
10,980000	0,158148
10,990000	0,161972
11,000000	0,163247
11,010000	0,166434
11,020000	0,167071
11,030000	0,171533
11,040000	0,171533
11,050000	0,167708
11,060000	0,167071
11,070000	0,177269
11,080000	0,172807
11,090000	0,173445
11,100000	0,175994
11,110000	0,170895
11,120000	0,172170
11,130000	0,167708
11,140000	0,167071
11,150000	0,158785
11,160000	0,156873
11,170000	0,144126
11,180000	0,143488
11,190000	0,137115
11,200000	0,134565
11,210000	0,128192
11,220000	0,125005
11,230000	0,122455
11,240000	0,118631
11,250000	0,117356
11,260000	0,112258
11,270000	0,107159
11,280000	0,108433
11,290000	0,105246
11,300000	0,102697
11,310000	0,096961
11,320000	0,100148
11,330000	0,099510
11,340000	0,098235
11,350000	0,094411
11,360000	0,095049
11,370000	0,094411
11,380000	0,092499
11,390000	0,091862
11,400000	0,089950
11,410000	0,091224
11,420000	0,089312
11,430000	0,088038
11,440000	0,088675
11,450000	0,088038
11,460000	0,084213
11,470000	0,086763
11,480000	0,084213
11,490000	0,085488
11,500000	0,085488
11,510000	0,084851
11,520000	0,082939
11,530000	0,086763
11,540000	0,085488
11,550000	0,082301
11,560000	0,084213
11,570000	0,082939
11,580000	0,084213
11,590000	0,084851
11,600000	0,082939
11,610000	0,082301
11,620000	0,081664
11,630000	0,080389
11,640000	0,079752
11,650000	0,082939
11,660000	0,082301
11,670000	0,083576
11,680000	0,082301
11,690000	0,084213
11,700000	0,081664
11,710000	0,081027
11,720000	0,083576
11,730000	0,085488
11,740000	0,088038
11,750000	0,086763
11,760000	0,088038
11,770000	0,089950
11,780000	0,088675
11,790000	0,090587
11,800000	0,092499
11,810000	0,095686
11,820000	0,096961
11,830000	0,101422
11,840000	0,099510
11,850000	0,106521
11,860000	0,105884
11,870000	0,112895
11,880000	0,113532
11,890000	0,116719
11,900000	0,119906
11,910000	0,128192
11,920000	0,132016
11,930000	0,134565
11,940000	0,139027
11,950000	0,139664
11,960000	0,148587
11,970000	0,145401
11,980000	0,154961
11,990000	0,153049
12,000000	0,161335
12,010000	0,161972
12,020000	0,167071
12,030000	0,163247
12,040000	0,170895
12,050000	0,163884
12,060000	0,172170
12,070000	0,168346
12,080000	0,172807
12,090000	0,170895
12,100000	0,174719
12,110000	0,168346
12,120000	0,170895
12,130000	0,167071
12,140000	0,168346
12,150000	0,160060
12,160000	0,155598
12,170000	0,151137
12,180000	0,147950
12,190000	0,138390
12,200000	0,133928
12,210000	0,131379
12,220000	0,125005
12,230000	0,121818
12,240000	0,122455
12,250000	0,114807
12,260000	0,112895
12,270000	0,108433
12,280000	0,109708
12,290000	0,106521
12,300000	0,104609
12,310000	0,102697
12,320000	0,099510
12,330000	0,099510
12,340000	0,100785
12,350000	0,096961
12,360000	0,099510
12,370000	0,092499
12,380000	0,095686
12,390000	0,091224
12,400000	0,091862
12,410000	0,090587
12,420000	0,093137
12,430000	0,088675
12,440000	0,088675
12,450000	0,086763
12,460000	0,089312
12,470000	0,082939
12,480000	0,088675
12,490000	0,087400
12,500000	0,085488
12,510000	0,083576
12,520000	0,087400
12,530000	0,086763
12,540000	0,084851
12,550000	0,084851
12,560000	0,084851
12,570000	0,086126
12,580000	0,084851
12,590000	0,085488
12,600000	0,084213
12,610000	0,081027
12,620000	0,082301
12,630000	0,083576
12,640000	0,083576
12,650000	0,085488
12,660000	0,081664
12,670000	0,082939
12,680000	0,082301
12,690000	0,085488
12,700000	0,085488
12,710000	0,084213
12,720000	0,083576
12,730000	0,088038
12,740000	0,086763
12,750000	0,088038
12,760000	0,086763
12,770000	0,086763
12,780000	0,089312
12,790000	0,091862
12,800000	0,092499
12,810000	0,096961
12,820000	0,098235
12,830000	0,099510
12,840000	0,102697
12,850000	0,102060
12,860000	0,107159
12,870000	0,109071
12,880000	0,110983
12,890000	0,119269
12,900000	0,117994
12,910000	0,125642
12,920000	0,126917
12,930000	0,131379
12,940000	0,137752
12,950000	0,142851
12,960000	0,147313
12,970000	0,149225
12,980000	0,154961
12,990000	0,158148
13,000000	0,157511
13,010000	0,161972
13,020000	0,163884
13,030000	0,168983
13,040000	0,166434
13,050000	0,170258
13,060000	0,169620
13,070000	0,170895
13,080000	0,170258
13,090000	0,170258
13,100000	0,172807
13,110000	0,168346
13,120000	0,174719
13,130000	0,169620
13,140000	0,167708
13,150000	0,167071
13,160000	0,161972
13,170000	0,160697
13,180000	0,147313
13,190000	0,146675
13,200000	0,142214
13,210000	0,135203
13,220000	0,130741
13,230000	0,130104
13,240000	0,121818
13,250000	0,117994
13,260000	0,113532
13,270000	0,108433
13,280000	0,112895
13,290000	0,106521
13,300000	0,107159
13,310000	0,101422
13,320000	0,104609
13,330000	0,097598
13,340000	0,100148
13,350000	0,095049
13,360000	0,093774
13,370000	0,092499
13,380000	0,093774
13,390000	0,093774
13,400000	0,091862
13,410000	0,090587
13,420000	0,092499
13,430000	0,090587
13,440000	0,090587
13,450000	0,086126
13,460000	0,087400
13,470000	0,088038
13,480000	0,085488
13,490000	0,086763
13,500000	0,085488
13,510000	0,084851
13,520000	0,086126
13,530000	0,084213
13,540000	0,086763
13,550000	0,080389
13,560000	0,084213
13,570000	0,089312
13,580000	0,086126
13,590000	0,081664
13,600000	0,086763
13,610000	0,082301
13,620000	0,081027
13,630000	0,081027
13,640000	0,082301
13,650000	0,078477
13,660000	0,081027
13,670000	0,081027
13,680000	0,081027
13,690000	0,081664
13,700000	0,084213
13,710000	0,084851
13,720000	0,084213
13,730000	0,083576
13,740000	0,084213
13,750000	0,086126
13,760000	0,085488
13,770000	0,086763
13,780000	0,088675
13,790000	0,090587
13,800000	0,093137
13,810000	0,091862
13,820000	0,095686
13,830000	0,093774
13,840000	0,098235
13,850000	0,098873
13,860000	0,104609
13,870000	0,103334
13,880000	0,109708
13,890000	0,111620
13,900000	0,118631
13,910000	0,116082
13,920000	0,121181
13,930000	0,125642
13,940000	0,133291
13,950000	0,137115
13,960000	0,138390
13,970000	0,143488
13,980000	0,147950
13,990000	0,151774
14,000000	0,154961
14,010000	0,153686
14,020000	0,158148
14,030000	0,160697
14,040000	0,162609
14,050000	0,169620
14,060000	0,167708
14,070000	0,162609
14,080000	0,172170
14,090000	0,169620
14,100000	0,169620
14,110000	0,168346
14,120000	0,173445
14,130000	0,167708
14,140000	0,169620
14,150000	0,165159
14,160000	0,160697
14,170000	0,159423
14,180000	0,152412
14,190000	0,144763
14,200000	0,141576
14,210000	0,135203
14,220000	0,136477
14,230000	0,127554
14,240000	0,125642
14,250000	0,121181
14,260000	0,113532
14,270000	0,114170
14,280000	0,113532
14,290000	0,110345
14,300000	0,105884
14,310000	0,109071
14,320000	0,101422
14,330000	0,100148
14,340000	0,103972
14,350000	0,100785
14,360000	0,100148
14,370000	0,096323
14,380000	0,095049
14,390000	0,092499
14,400000	0,094411
14,410000	0,089312
14,420000	0,092499
14,430000	0,091862
14,440000	0,087400
14,450000	0,089312
14,460000	0,092499
14,470000	0,086763
14,480000	0,088038
14,490000	0,086126
14,500000	0,087400
14,510000	0,086126
14,520000	0,081027
14,530000	0,086126
14,540000	0,082301
14,550000	0,086126
14,560000	0,082301
14,570000	0,083576
14,580000	0,082939
14,590000	0,085488
14,600000	0,084213
14,610000	0,084851
14,620000	0,084213
14,630000	0,085488
14,640000	0,086763
14,650000	0,081664
14,660000	0,081664
14,670000	0,086126
14,680000	0,083576
14,690000	0,081664
14,700000	0,084851
14,710000	0,083576
14,720000	0,085488
14,730000	0,086763
14,740000	0,087400
14,750000	0,086763
14,760000	0,085488
14,770000	0,086126
14,780000	0,086763
14,790000	0,088675
14,800000	0,092499
14,810000	0,090587
14,820000	0,093774
14,830000	0,095686
14,840000	0,098873
14,850000	0,096961
14,860000	0,100148
14,870000	0,103972
14,880000	0,107159
14,890000	0,109071
14,900000	0,115444
14,910000	0,116719
14,920000	0,120543
14,930000	0,123730
14,940000	0,130741
14,950000	0,134565
14,960000	0,137115
14,970000	0,142214
14,980000	0,146675
14,990000	0,147313
15,000000	0,154961
15,010000	0,155598
15,020000	0,160697
15,030000	0,158785
15,040000	0,161972
15,050000	0,160060
15,060000	0,167071
15,070000	0,165159
15,080000	0,168983
15,090000	0,168346
15,100000	0,170895
15,110000	0,171533
15,120000	0,173445
15,130000	0,173445
15,140000	0,170258
15,150000	0,170258
15,160000	0,163247
15,170000	0,162609
15,180000	0,158785
15,190000	0,148587
15,200000	0,145401
15,210000	0,139027
15,220000	0,138390
15,230000	0,132653
15,240000	0,126917
15,250000	0,123730
15,260000	0,121181
15,270000	0,117356
15,280000	0,116082
15,290000	0,114170
15,300000	0,110345
15,310000	0,106521
15,320000	0,107796
15,330000	0,104609
15,340000	0,099510
15,350000	0,100148
15,360000	0,100785
15,370000	0,099510
15,380000	0,099510
15,390000	0,096323
15,400000	0,096323
15,410000	0,094411
15,420000	0,091224
15,430000	0,089312
15,440000	0,089950
15,450000	0,088675
15,460000	0,089312
15,470000	0,086126
15,480000	0,088038
15,490000	0,085488
15,500000	0,087400
15,510000	0,082939
15,520000	0,086763
15,530000	0,086126
15,540000	0,086763
15,550000	0,081027
15,560000	0,094411
15,570000	0,086763
15,580000	0,091224
15,590000	0,084851
15,600000	0,095049
15,610000	0,086763
15,620000	0,095049
15,630000	0,083576
15,640000	0,090587
15,650000	0,076565
15,660000	0,088675
15,670000	0,076565
15,680000	0,084213
15,690000	0,077202
15,700000	0,081027
15,710000	0,075290
15,720000	0,076565
15,730000	0,078477
15,740000	0,077202
15,750000	0,081664
15,760000	0,085488
15,770000	0,084213
15,780000	0,081664
15,790000	0,088675
15,800000	0,088038
15,810000	0,093137
15,820000	0,088675
15,830000	0,096323
15,840000	0,091862
15,850000	0,096323
15,860000	0,100785
15,870000	0,102060
15,880000	0,109708
15,890000	0,112895
15,900000	0,112258
15,910000	0,121818
15,920000	0,117994
15,930000	0,122455
15,940000	0,126280
15,950000	0,130104
15,960000	0,136477
15,970000	0,139027
15,980000	0,140302
15,990000	0,142851
16,000000	0,145401
16,010000	0,150499
16,020000	0,154961
16,030000	0,157511
16,040000	0,161335
16,050000	0,161972
16,060000	0,164522
16,070000	0,158148
16,080000	0,167708
16,090000	0,165159
16,100000	0,167708
16,110000	0,161972
16,120000	0,172170
16,130000	0,168983
16,140000	0,168983
16,150000	0,168983
16,160000	0,171533
16,170000	0,164522
16,180000	0,162609
16,190000	0,153686
16,200000	0,155598
16,210000	0,142851
16,220000	0,137752
16,230000	0,135203
16,240000	0,133291
16,250000	0,124367
16,260000	0,124367
16,270000	0,114807
16,280000	0,116082
16,290000	0,109708
16,300000	0,113532
16,310000	0,107796
16,320000	0,109708
16,330000	0,105246
16,340000	0,101422
16,350000	0,102697
16,360000	0,100785
16,370000	0,096323
16,380000	0,095686
16,390000	0,094411
16,400000	0,094411
16,410000	0,089950
16,420000	0,092499
16,430000	0,087400
16,440000	0,093774
16,450000	0,089312
16,460000	0,091224
16,470000	0,086763
16,480000	0,088675
16,490000	0,088038
16,500000	0,088675
16,510000	0,086763
16,520000	0,086763
16,530000	0,086763
16,540000	0,084213
16,550000	0,084851
16,560000	0,082939
16,570000	0,082939
16,580000	0,086763
16,590000	0,083576
16,600000	0,086126
16,610000	0,090587
16,620000	0,086126
16,630000	0,091862
16,640000	0,086763
16,650000	0,090587
16,660000	0,084213
16,670000	0,089312
16,680000	0,089312
16,690000	0,088038
16,700000	0,086126
16,710000	0,082301
16,720000	0,078477
16,730000	0,081027
16,740000	0,082301
16,750000	0,085488
16,760000	0,076565
16,770000	0,085488
16,780000	0,086126
16,790000	0,095049
16,800000	0,081027
16,810000	0,096323
16,820000	0,086126
16,830000	0,088675
16,840000	0,089950
16,850000	0,091862
16,860000	0,093774
16,870000	0,081664
16,880000	0,096961
16,890000	0,098873
16,900000	0,109708
16,910000	0,116082
16,920000	0,108433
16,930000	0,121818
16,940000	0,139027
16,950000	0,130104
16,960000	0,160060
16,970000	0,122455
16,980000	0,157511
16,990000	0,127554
17,000000	0,146038
17,010000	0,103972
17,020000	0,139664
17,030000	0,089950
17,040000	0,157511
17,050000	0,137115
17,060000	0,164522
17,070000	0,158785
17,080000	0,170258
17,090000	0,148587
17,100000	0,166434
17,110000	0,150499
17,120000	0,192566
17,130000	0,172807
17,140000	0,230170
17,150000	0,144763
17,160000	0,245467
17,170000	0,174719
17,180000	0,238456
17,190000	0,163247
17,200000	0,195752
17,210000	0,186829
17,220000	0,140939
17,230000	0,140939
17,240000	0,148587
17,250000	0,125005
17,260000	0,133928
17,270000	0,103334
17,280000	0,133928
17,290000	0,109708
17,300000	0,104609
17,310000	0,117356
17,320000	0,106521
17,330000	0,114170
17,340000	0,103334
17,350000	0,126280
17,360000	0,100785
17,370000	0,100148
17,380000	0,097598
17,390000	0,091862
17,400000	0,090587
17,410000	0,091224
17,420000	0,089950
17,430000	0,091224
17,440000	0,089312
17,450000	0,090587
17,460000	0,084213
17,470000	0,086763
17,480000	0,089950
17,490000	0,087400
17,500000	0,089312
17,510000	0,084851
17,520000	0,090587
17,530000	0,084213
17,540000	0,083576
17,550000	0,085488
17,560000	0,083576
17,570000	0,086126
17,580000	0,084851
17,590000	0,081664
17,600000	0,086763
17,610000	0,083576
17,620000	0,083576
17,630000	0,085488
17,640000	0,082301
17,650000	0,084213
17,660000	0,083576
17,670000	0,084851
17,680000	0,082939
17,690000	0,080389
17,700000	0,078477
17,710000	0,081664
17,720000	0,079114
17,730000	0,081027
17,740000	0,083576
17,750000	0,077840
17,760000	0,086763
17,770000	0,086763
17,780000	0,090587
17,790000	0,086763
17,800000	0,086126
17,810000	0,088675
17,820000	0,088675
17,830000	0,086126
17,840000	0,091862
17,850000	0,086126
17,860000	0,091862
17,870000	0,091224
17,880000	0,093137
17,890000	0,096323
17,900000	0,111620
17,910000	0,105884
17,920000	0,102697
17,930000	0,107796
17,940000	0,109708
17,950000	0,119269
17,960000	0,125005
17,970000	0,133928
17,980000	0,126280
17,990000	0,109708
18,000000	0,142214
18,010000	0,120543
18,020000	0,147313
18,030000	0,133291
18,040000	0,154961
18,050000	0,159423
18,060000	0,158785
18,070000	0,159423
18,080000	0,164522
18,090000	0,157511
18,100000	0,135840
18,110000	0,154961
18,120000	0,179818
18,130000	0,158785
18,140000	0,173445
18,150000	0,161972
18,160000	0,170895
18,170000	0,142214
18,180000	0,182368
18,190000	0,156873
18,200000	0,177906
18,210000	0,210412
18,220000	0,175357
18,230000	0,195115
18,240000	0,143488
18,250000	0,165159
18,260000	0,117356
18,270000	0,112258
18,280000	0,096961
18,290000	0,139027
18,300000	0,087400
18,310000	0,110983
18,320000	0,084213
18,330000	0,109708
18,340000	0,082939
18,350000	0,119269
18,360000	0,122455
18,370000	0,130104
18,380000	0,116719
18,390000	0,154961
18,400000	0,095049
18,410000	0,119269
18,420000	0,073378
18,430000	0,052982
18,440000	0,100148
18,450000	0,085488
18,460000	0,089950
18,470000	0,117994
18,480000	0,072741
18,490000	0,091862
18,500000	0,068279
18,510000	0,114170
18,520000	0,081664
18,530000	0,093774
18,540000	0,065730
18,550000	0,088675
18,560000	0,077840
18,570000	0,074016
18,580000	0,049158
18,590000	0,082301
18,600000	0,058719
18,610000	0,082939
18,620000	0,075928
18,630000	0,100148
18,640000	0,086763
18,650000	0,098235
18,660000	0,091862
18,670000	0,087400
18,680000	0,074653
18,690000	0,084851
18,700000	0,084213
18,710000	0,084851
18,720000	0,084851
18,730000	0,078477
18,740000	0,088038
18,750000	0,080389
18,760000	0,085488
18,770000	0,085488
18,780000	0,086126
18,790000	0,089312
18,800000	0,089312
18,810000	0,086126
18,820000	0,090587
18,830000	0,088675
18,840000	0,089312
18,850000	0,089950
18,860000	0,096961
18,870000	0,093774
18,880000	0,101422
18,890000	0,093774
18,900000	0,098873
18,910000	0,106521
18,920000	0,105884
18,930000	0,109708
18,940000	0,108433
18,950000	0,112895
18,960000	0,114807
18,970000	0,123730
18,980000	0,124367
18,990000	0,130104
19,000000	0,135840
19,010000	0,134565
19,020000	0,142214
19,030000	0,151137
19,040000	0,154961
19,050000	0,154961
19,060000	0,163884
19,070000	0,154961
19,080000	0,161972
19,090000	0,160060
19,100000	0,162609
19,110000	0,165796
19,120000	0,165796
19,130000	0,170258
19,140000	0,168346
19,150000	0,166434
19,160000	0,172807
19,170000	0,167708
19,180000	0,173445
19,190000	0,167071
19,200000	0,167708
19,210000	0,174082
19,220000	0,160697
19,230000	0,160697
19,240000	0,146675
19,250000	0,151137
19,260000	0,125005
19,270000	0,138390
19,280000	0,125642
19,290000	0,126917
19,300000	0,122455
19,310000	0,124367
19,320000	0,118631
19,330000	0,119269
19,340000	0,119906
19,350000	0,122455
19,360000	0,106521
19,370000	0,126280
19,380000	0,105246
19,390000	0,114807
19,400000	0,103972
19,410000	0,100785
19,420000	0,096323
19,430000	0,100785
19,440000	0,091862
19,450000	0,095049
19,460000	0,100148
19,470000	0,096961
19,480000	0,092499
19,490000	0,096323
19,500000	0,102060
19,510000	0,089312
19,520000	0,102060
19,530000	0,080389
19,540000	0,082301
19,550000	0,088675
19,560000	0,082939
19,570000	0,059994
19,580000	0,071466
19,590000	0,070191
19,600000	0,095049
19,610000	0,067005
19,620000	0,091224
19,630000	0,091224
19,640000	0,087400
19,650000	0,075928
19,660000	0,114170
19,670000	0,076565
19,680000	0,090587
19,690000	0,072103
19,700000	0,048521
19,710000	0,060631
19,720000	0,058719
19,730000	0,081027
19,740000	0,085488
19,750000	0,073378
19,760000	0,085488
19,770000	0,062543
19,780000	0,098235
19,790000	0,109071
19,800000	0,068917
19,810000	0,099510
19,820000	0,065730
19,830000	0,102060
19,840000	0,073378
19,850000	0,081664
19,860000	0,102697
19,870000	0,096323
19,880000	0,100148
19,890000	0,088675
19,900000	0,102060
19,910000	0,135203
19,920000	0,107159
19,930000	0,147950
19,940000	0,142851
19,950000	0,112258
19,960000	0,134565
19,970000	0,109708
19,980000	0,094411
19,990000	0,125005
20,000000	0,123730
20,010000	0,141576
20,020000	0,125005
20,030000	0,154324
20,040000	0,168346
20,050000	0,140302
20,060000	0,161972
20,070000	0,156873
20,080000	0,158785
20,090000	0,160060
20,100000	0,154961
20,110000	0,151774
20,120000	0,158148
20,130000	0,161972
20,140000	0,167708
20,150000	0,158785
20,160000	0,167708
20,170000	0,160060
20,180000	0,163884
20,190000	0,163247
20,200000	0,168346
20,210000	0,167708
20,220000	0,162609
20,230000	0,158148
20,240000	0,155598
20,250000	0,151137
20,260000	0,140939
20,270000	0,141576
20,280000	0,135203
20,290000	0,132016
20,300000	0,125005
20,310000	0,124367
20,320000	0,122455
20,330000	0,119906
20,340000	0,117356
20,350000	0,113532
20,360000	0,108433
20,370000	0,105884
20,380000	0,107796
20,390000	0,100148
20,400000	0,095686
20,410000	0,096961
20,420000	0,094411
20,430000	0,099510
20,440000	0,089950
20,450000	0,096323
20,460000	0,091224
20,470000	0,090587
20,480000	0,091862
20,490000	0,090587
20,500000	0,088038
20,510000	0,090587
20,520000	0,088675
20,530000	0,083576
20,540000	0,083576
20,550000	0,081664
20,560000	0,082301
20,570000	0,087400
20,580000	0,083576
20,590000	0,086763
20,600000	0,084851
20,610000	0,084213
20,620000	0,093137
20,630000	0,086126
20,640000	0,089312
20,650000	0,084213
20,660000	0,087400
20,670000	0,081027
20,680000	0,077840
20,690000	0,079752
20,700000	0,076565
20,710000	0,075928
20,720000	0,079114
20,730000	0,074653
20,740000	0,077840
20,750000	0,086763
20,760000	0,082939
20,770000	0,084213
20,780000	0,079114
20,790000	0,082939
20,800000	0,084851
20,810000	0,081027
20,820000	0,076565
20,830000	0,080389
20,840000	0,076565
20,850000	0,086126
20,860000	0,071466
20,870000	0,088675
20,880000	0,096323
20,890000	0,100785
20,900000	0,100148
20,910000	0,101422
20,920000	0,103972
20,930000	0,114807
20,940000	0,107159
20,950000	0,084213
20,960000	0,109708
20,970000	0,091224
20,980000	0,111620
20,990000	0,108433
21,000000	0,131379
21,010000	0,131379
21,020000	0,140302
21,030000	0,159423
21,040000	0,174719
21,050000	0,164522
21,060000	0,219972
21,070000	0,165796
21,080000	0,190016
21,090000	0,139027
21,100000	0,191291
21,110000	0,163247
21,120000	0,174719
21,130000	0,156236
21,140000	0,160697
21,150000	0,131379
21,160000	0,175357
21,170000	0,159423
21,180000	0,211687
21,190000	0,158785
21,200000	0,197665
21,210000	0,160060
21,220000	0,132016
21,230000	0,159423
21,240000	0,113532
21,250000	0,147313
21,260000	0,126280
21,270000	0,126917
21,280000	0,135203
21,290000	0,129466
21,300000	0,130104
21,310000	0,136477
21,320000	0,127554
21,330000	0,138390
21,340000	0,116082
21,350000	0,125005
21,360000	0,114807
21,370000	0,114807
21,380000	0,109071
21,390000	0,103334
21,400000	0,103972
21,410000	0,092499
21,420000	0,100148
21,430000	0,092499
21,440000	0,095049
21,450000	0,098873
21,460000	0,095049
21,470000	0,094411
21,480000	0,093137
21,490000	0,088038
21,500000	0,088675
21,510000	0,086763
21,520000	0,090587
21,530000	0,086126
21,540000	0,086126
21,550000	0,084213
21,560000	0,084213
21,570000	0,086763
21,580000	0,088675
21,590000	0,084851
21,600000	0,084213
21,610000	0,086763
21,620000	0,084851
21,630000	0,081027
21,640000	0,082939
21,650000	0,083576
21,660000	0,081664
21,670000	0,079114
21,680000	0,087400
21,690000	0,079752
21,700000	0,082301
21,710000	0,083576
21,720000	0,082939
21,730000	0,082939
21,740000	0,082301
21,750000	0,081027
21,760000	0,081664
21,770000	0,080389
21,780000	0,079114
21,790000	0,079114
21,800000	0,080389
21,810000	0,082301
21,820000	0,082301
21,830000	0,082301
21,840000	0,084213
21,850000	0,086763
21,860000	0,086126
21,870000	0,091862
21,880000	0,088038
21,890000	0,093774
21,900000	0,091224
21,910000	0,090587
21,920000	0,096961
21,930000	0,096961
21,940000	0,097598
21,950000	0,099510
21,960000	0,104609
21,970000	0,108433
21,980000	0,108433
21,990000	0,119906
22,000000	0,126917
22,010000	0,128192
22,020000	0,139664
22,030000	0,141576
22,040000	0,154324
22,050000	0,149225
22,060000	0,152412
22,070000	0,153049
22,080000	0,151137
22,090000	0,144763
22,100000	0,151774
22,110000	0,168346
22,120000	0,158148
22,130000	0,163884
22,140000	0,163884
22,150000	0,171533
22,160000	0,174082
22,170000	0,178544
22,180000	0,188741
22,190000	0,168983
22,200000	0,174082
22,210000	0,171533
22,220000	0,128829
22,230000	0,161335
22,240000	0,123730
22,250000	0,152412
22,260000	0,142851
22,270000	0,147950
22,280000	0,151774
22,290000	0,156873
22,300000	0,141576
22,310000	0,153049
22,320000	0,130104
22,330000	0,133291
22,340000	0,123730
22,350000	0,110345
22,360000	0,105246
22,370000	0,089312
22,380000	0,087400
22,390000	0,087400
22,400000	0,075290
22,410000	0,093774
22,420000	0,098873
22,430000	0,094411
22,440000	0,112258
22,450000	0,092499
22,460000	0,105246
22,470000	0,092499
22,480000	0,093774
22,490000	0,102697
22,500000	0,090587
22,510000	0,091862
22,520000	0,082939
22,530000	0,094411
22,540000	0,082939
22,550000	0,096961
22,560000	0,082301
22,570000	0,096961
22,580000	0,090587
22,590000	0,089950
22,600000	0,095686
22,610000	0,096323
22,620000	0,078477
22,630000	0,092499
22,640000	0,080389
22,650000	0,088675
22,660000	0,078477
22,670000	0,083576
22,680000	0,078477
22,690000	0,079752
22,700000	0,079114
22,710000	0,081664
22,720000	0,079752
22,730000	0,077202
22,740000	0,082939
22,750000	0,081664
22,760000	0,082939
22,770000	0,081664
22,780000	0,079752
22,790000	0,086126
22,800000	0,079114
22,810000	0,082301
22,820000	0,080389
22,830000	0,087400
22,840000	0,082301
22,850000	0,088675
22,860000	0,083576
22,870000	0,089950
22,880000	0,089950
22,890000	0,093137
22,900000	0,089950
22,910000	0,093774
22,920000	0,095049
22,930000	0,099510
22,940000	0,104609
22,950000	0,098873
22,960000	0,109071
22,970000	0,107159
22,980000	0,110983
22,990000	0,109708
23,000000	0,120543
23,010000	0,116719
23,020000	0,127554
23,030000	0,133928
23,040000	0,134565
23,050000	0,136477
23,060000	0,143488
23,070000	0,147313
23,080000	0,147950
23,090000	0,154324
23,100000	0,153686
23,110000	0,156873
23,120000	0,162609
23,130000	0,167071
23,140000	0,160697
23,150000	0,166434
23,160000	0,166434
23,170000	0,165159
23,180000	0,167071
23,190000	0,166434
23,200000	0,165796
23,210000	0,165796
23,220000	0,162609
23,230000	0,172170
23,240000	0,173445
23,250000	0,175994
23,260000	0,172807
23,270000	0,181093
23,280000	0,175994
23,290000	0,173445
23,300000	0,172170
23,310000	0,170258
23,320000	0,167708
23,330000	0,163247
23,340000	0,161972
23,350000	0,176631
23,360000	0,168346
23,370000	0,174082
23,380000	0,182368
23,390000	0,179181
23,400000	0,184280
23,410000	0,174082
23,420000	0,183643
23,430000	0,181093
23,440000	0,183643
23,450000	0,172807
23,460000	0,183643
23,470000	0,168346
23,480000	0,186192
23,490000	0,184917
23,500000	0,182368
23,510000	0,191928
23,520000	0,193203
23,530000	0,197665
23,540000	0,203401
23,550000	0,193203
23,560000	0,195752
23,570000	0,183643
23,580000	0,166434
23,590000	0,188104
23,600000	0,175357
23,610000	0,181093
23,620000	0,174082
23,630000	0,181730
23,640000	0,175994
23,650000	0,197665
23,660000	0,194478
23,670000	0,221247
23,680000	0,186192
23,690000	0,219972
23,700000	0,188104
23,710000	0,204676
23,720000	0,191928
23,730000	0,184917
23,740000	0,183005
23,750000	0,183005
23,760000	0,170895
23,770000	0,188741
23,780000	0,167708
23,790000	0,178544
23,800000	0,182368
23,810000	0,181093
23,820000	0,182368
23,830000	0,183643
23,840000	0,175994
23,850000	0,191291
23,860000	0,178544
23,870000	0,191291
23,880000	0,178544
23,890000	0,191291
23,900000	0,191928
23,910000	0,185555
23,920000	0,190016
23,930000	0,193203
23,940000	0,180456
23,950000	0,192566
23,960000	0,175357
23,970000	0,183005
23,980000	0,192566
23,990000	0,189379
24,000000	0,190016
24,010000	0,189379
24,020000	0,198939
24,030000	0,186192
24,040000	0,192566
24,050000	0,193840
24,060000	0,196390
24,070000	0,191291
24,080000	0,189379
24,090000	0,194478
24,100000	0,184917
24,110000	0,189379
24,120000	0,187467
24,130000	0,189379
24,140000	0,191291
24,150000	0,185555
24,160000	0,185555
24,170000	0,185555
24,180000	0,188104
24,190000	0,191291
24,200000	0,185555
24,210000	0,185555
24,220000	0,191928
24,230000	0,191291
24,240000	0,188104
24,250000	0,191291
24,260000	0,178544
24,270000	0,193203
24,280000	0,187467
24,290000	0,191291
24,300000	0,188741
24,310000	0,188741
24,320000	0,195115
24,330000	0,190654
24,340000	0,190654
24,350000	0,190016
24,360000	0,190016
24,370000	0,188741
24,380000	0,193203
24,390000	0,190016
24,400000	0,184917
24,410000	0,190654
24,420000	0,191291
24,430000	0,190654
24,440000	0,185555
24,450000	0,190654
24,460000	0,190016
24,470000	0,191291
24,480000	0,195752
24,490000	0,193840
24,500000	0,193203
24,510000	0,195115
24,520000	0,193203
24,530000	0,191928
24,540000	0,193840
24,550000	0,191291
24,560000	0,196390
24,570000	0,195752
24,580000	0,198939
24,590000	0,196390
24,600000	0,196390
24,610000	0,191928
24,620000	0,195752
24,630000	0,196390
24,640000	0,196390
24,650000	0,191928
24,660000	0,197027
24,670000	0,195752
24,680000	0,195115
24,690000	0,192566
24,700000	0,194478
24,710000	0,197665
24,720000	0,195115
24,730000	0,195752
24,740000	0,194478
24,750000	0,190654
24,760000	0,197665
24,770000	0,194478
24,780000	0,197665
24,790000	0,192566
24,800000	0,188104
24,810000	0,189379
24,820000	0,195752
24,830000	0,185555
24,840000	0,197027
24,850000	0,188741
24,860000	0,200214
24,870000	0,186192
24,880000	0,193840
24,890000	0,185555
24,900000	0,188741
24,910000	0,192566
24,920000	0,187467
24,930000	0,189379
24,940000	0,199577
24,950000	0,194478
24,960000	0,201489
24,970000	0,193203
24,980000	0,199577
24,990000	0,192566
25,000000	0,197027
25,010000	0,195752
25,020000	0,195752
25,030000	0,196390
25,040000	0,191291
25,050000	0,200851
25,060000	0,190654
25,070000	0,202126
25,080000	0,196390
25,090000	0,193203
25,100000	0,191291
25,110000	0,198939
25,120000	0,198302
25,130000	0,198302
25,140000	0,199577
25,150000	0,201489
25,160000	0,197665
25,170000	0,198302
25,180000	0,203401
25,190000	0,193840
25,200000	0,197665
25,210000	0,191928
25,220000	0,196390
25,230000	0,199577
25,240000	0,192566
25,250000	0,195752
25,260000	0,198302
25,270000	0,188741
25,280000	0,200851
25,290000	0,198939
25,300000	0,192566
25,310000	0,199577
25,320000	0,198939
25,330000	0,197665
25,340000	0,197665
25,350000	0,203401
25,360000	0,195115
25,370000	0,199577
25,380000	0,198939
25,390000	0,202763
25,400000	0,195752
25,410000	0,199577
25,420000	0,192566
25,430000	0,194478
25,440000	0,199577
25,450000	0,192566
25,460000	0,199577
25,470000	0,197027
25,480000	0,201489
25,490000	0,196390
25,500000	0,193203
25,510000	0,200214
25,520000	0,195115
25,530000	0,198302
25,540000	0,197027
25,550000	0,198939
25,560000	0,200851
25,570000	0,197665
25,580000	0,194478
25,590000	0,202126
25,600000	0,197027
25,610000	0,200214
25,620000	0,189379
25,630000	0,198939
25,640000	0,195752
25,650000	0,192566
25,660000	0,195115
25,670000	0,197665
25,680000	0,193203
25,690000	0,198302
25,700000	0,195752
25,710000	0,197665
25,720000	0,195115
25,730000	0,193840
25,740000	0,189379
25,750000	0,196390
25,760000	0,198302
25,770000	0,199577
25,780000	0,188741
25,790000	0,198939
25,800000	0,197027
25,810000	0,199577
25,820000	0,191928
25,830000	0,193840
25,840000	0,193840
25,850000	0,196390
25,860000	0,191928
25,870000	0,195752
25,880000	0,191928
25,890000	0,198939
25,900000	0,192566
25,910000	0,197027
25,920000	0,191291
25,930000	0,205313
25,940000	0,197665
25,950000	0,198939
25,960000	0,194478
25,970000	0,193840
25,980000	0,193840
25,990000	0,202763
26,000000	0,195115
26,010000	0,201489
26,020000	0,193840
26,030000	0,200214
26,040000	0,194478
26,050000	0,193840
26,060000	0,195752
26,070000	0,195752
26,080000	0,188741
26,090000	0,195115
26,100000	0,191291
26,110000	0,196390
26,120000	0,198939
26,130000	0,197027
26,140000	0,197665
26,150000	0,197665
26,160000	0,198302
26,170000	0,195752
26,180000	0,195752
26,190000	0,201489
26,200000	0,200851
26,210000	0,195115
26,220000	0,193840
26,230000	0,200214
26,240000	0,195752
26,250000	0,199577
26,260000	0,197027
26,270000	0,192566
26,280000	0,198939
26,290000	0,193840
26,300000	0,193203
26,310000	0,196390
26,320000	0,195752
26,330000	0,195752
26,340000	0,196390
26,350000	0,197665
26,360000	0,200851
26,370000	0,191291
26,380000	0,197665
26,390000	0,197665
26,400000	0,199577
26,410000	0,192566
26,420000	0,201489
26,430000	0,191291
26,440000	0,203401
26,450000	0,193840
26,460000	0,198939
26,470000	0,196390
26,480000	0,193840
26,490000	0,198302
26,500000	0,199577
26,510000	0,195115
26,520000	0,196390
26,530000	0,201489
26,540000	0,196390
26,550000	0,202126
26,560000	0,197665
26,570000	0,201489
26,580000	0,196390
26,590000	0,198939
26,600000	0,202126
26,610000	0,195752
26,620000	0,203401
26,630000	0,195115
26,640000	0,197665
26,650000	0,197027
26,660000	0,201489
26,670000	0,197665
26,680000	0,197027
26,690000	0,198302
26,700000	0,198939
26,710000	0,196390
26,720000	0,196390
26,730000	0,193840
26,740000	0,199577
26,750000	0,205313
26,760000	0,200214
26,770000	0,200214
26,780000	0,198939
26,790000	0,193203
26,800000	0,196390
26,810000	0,200214
26,820000	0,195752
26,830000	0,195115
26,840000	0,195115
26,850000	0,190016
26,860000	0,193840
26,870000	0,201489
26,880000	0,196390
26,890000	0,191928
26,900000	0,194478
26,910000	0,195115
26,920000	0,194478
26,930000	0,199577
26,940000	0,198939
26,950000	0,200214
26,960000	0,198939
26,970000	0,200851
26,980000	0,196390
26,990000	0,198302
27,000000	0,196390
27,010000	0,207862
27,020000	0,196390
27,030000	0,198939
27,040000	0,198939
27,050000	0,205950
27,060000	0,192566
27,070000	0,195752
27,080000	0,197665
27,090000	0,198939
27,100000	0,194478
27,110000	0,200851
27,120000	0,198939
27,130000	0,200851
27,140000	0,195752
27,150000	0,198939
27,160000	0,203401
27,170000	0,200214
27,180000	0,197665
27,190000	0,200214
27,200000	0,194478
27,210000	0,201489
27,220000	0,195115
27,230000	0,197027
27,240000	0,200214
27,250000	0,198939
27,260000	0,199577
27,270000	0,195115
27,280000	0,197665
27,290000	0,195752
27,300000	0,200851
27,310000	0,192566
27,320000	0,201489
27,330000	0,195752
27,340000	0,204038
27,350000	0,195115
27,360000	0,200214
27,370000	0,195115
27,380000	0,196390
27,390000	0,200851
27,400000	0,203401
27,410000	0,195752
27,420000	0,197665
27,430000	0,201489
27,440000	0,195752
27,450000	0,203401
27,460000	0,195752
27,470000	0,197665
27,480000	0,195752
27,490000	0,201489
27,500000	0,199577
27,510000	0,205313
27,520000	0,195752
27,530000	0,201489
27,540000	0,196390
27,550000	0,207225
27,560000	0,196390
27,570000	0,198939
27,580000	0,200851
27,590000	0,195752
27,600000	0,194478
27,610000	0,203401
27,620000	0,202126
27,630000	0,191928
27,640000	0,201489
27,650000	0,195115
27,660000	0,202763
27,670000	0,199577
27,680000	0,202126
27,690000	0,195752
27,700000	0,202126
27,710000	0,196390
27,720000	0,203401
27,730000	0,193840
27,740000	0,196390
27,750000	0,193203
27,760000	0,192566
27,770000	0,196390
27,780000	0,196390
27,790000	0,197027
27,800000	0,202126
27,810000	0,196390
27,820000	0,197027
27,830000	0,193840
27,840000	0,198939
27,850000	0,191928
27,860000	0,197027
27,870000	0,190016
27,880000	0,202763
27,890000	0,192566
27,900000	0,191291
27,910000	0,194478
27,920000	0,190016
27,930000	0,191291
27,940000	0,199577
27,950000	0,193840
27,960000	0,194478
27,970000	0,178544
27,980000	0,199577
27,990000	0,199577
28,000000	0,202763
28,010000	0,198939
28,020000	0,197665
28,030000	0,198302
28,040000	0,196390
28,050000	0,179181
28,060000	0,198939
28,070000	0,200214
28,080000	0,198939
28,090000	0,195752
28,100000	0,196390
28,110000	0,201489
28,120000	0,199577
28,130000	0,202763
28,140000	0,200851
28,150000	0,201489
28,160000	0,201489
28,170000	0,190654
28,180000	0,204038
28,190000	0,199577
28,200000	0,202126
28,210000	0,202126
28,220000	0,198939
28,230000	0,199577
28,240000	0,203401
28,250000	0,204676
28,260000	0,191291
28,270000	0,201489
28,280000	0,196390
28,290000	0,183005
28,300000	0,193203
28,310000	0,203401
28,320000	0,194478
28,330000	0,202763
28,340000	0,198939
28,350000	0,204676
28,360000	0,197665
28,370000	0,191291
28,380000	0,199577
28,390000	0,199577
28,400000	0,193840
28,410000	0,201489
28,420000	0,195115
28,430000	0,198302
28,440000	0,202763
28,450000	0,196390
28,460000	0,197665
28,470000	0,202126
28,480000	0,197665
28,490000	0,181730
28,500000	0,196390
28,510000	0,188741
28,520000	0,197665
28,530000	0,198939
28,540000	0,199577
28,550000	0,202763
28,560000	0,193840
28,570000	0,204038
28,580000	0,175357
28,590000	0,197027
28,600000	0,200851
28,610000	0,207862
28,620000	0,198302
28,630000	0,216148
28,640000	0,201489
28,650000	0,200851
28,660000	0,207862
28,670000	0,198939
28,680000	0,205950
28,690000	0,202126
28,700000	0,200214
28,710000	0,209775
28,720000	0,199577
28,730000	0,206588
28,740000	0,201489
28,750000	0,204676
28,760000	0,199577
28,770000	0,204038
28,780000	0,192566
28,790000	0,199577
28,800000	0,224434
28,810000	0,199577
28,820000	0,198302
28,830000	0,197665
28,840000	0,199577
28,850000	0,202763
28,860000	0,196390
28,870000	0,201489
28,880000	0,201489
28,890000	0,203401
28,900000	0,200851
28,910000	0,202763
28,920000	0,228896
28,930000	0,201489
28,940000	0,191291
28,950000	0,198302
28,960000	0,199577
28,970000	0,191291
28,980000	0,200851
28,990000	0,203401
