LabVIEW Measurement	
Writer_Version	2
Reader_Version	2
Separator	Tab
Decimal_Separator	,
Multi_Headings	No
X_Columns	One
Time_Pref	Absolute
Operator	lpdan
Date	2026/05/05
Time	13:04:23,7406011833529921065
***End_of_Header***	
	
Channels	1	
Samples	100	
Date	2026/05/05	
Time	13:04:23,7406011833529921065	
Y_Unit_Label	Volts	
X_Dimension	Time	
X0	0,0000000000000000E+0	
Delta_X	0,010000	
***End_of_Header***		
X_Value	Voltage	Comment
0,000000	0,206588
0,010000	0,203401
0,020000	0,207225
0,030000	0,202763
0,040000	0,204038
0,050000	0,206588
0,060000	0,219335
0,070000	0,197665
0,080000	0,207225
0,090000	0,212961
0,100000	0,209137
0,110000	0,211049
0,120000	0,207862
0,130000	0,203401
0,140000	0,205950
0,150000	0,208500
0,160000	0,201489
0,170000	0,204038
0,180000	0,205950
0,190000	0,206588
0,200000	0,197665
0,210000	0,205950
0,220000	0,195115
0,230000	0,204676
0,240000	0,198939
0,250000	0,203401
0,260000	0,201489
0,270000	0,205950
0,280000	0,206588
0,290000	0,200851
0,300000	0,201489
0,310000	0,205950
0,320000	0,198939
0,330000	0,203401
0,340000	0,201489
0,350000	0,207862
0,360000	0,205313
0,370000	0,211687
0,380000	0,195752
0,390000	0,201489
0,400000	0,195115
0,410000	0,211687
0,420000	0,198939
0,430000	0,209137
0,440000	0,200214
0,450000	0,203401
0,460000	0,200214
0,470000	0,200851
0,480000	0,200851
0,490000	0,205313
0,500000	0,204676
0,510000	0,202763
0,520000	0,201489
0,530000	0,198302
0,540000	0,207862
0,550000	0,201489
0,560000	0,200851
0,570000	0,194478
0,580000	0,201489
0,590000	0,197027
0,600000	0,202763
0,610000	0,197665
0,620000	0,196390
0,630000	0,200851
0,640000	0,203401
0,650000	0,200851
0,660000	0,202763
0,670000	0,200851
0,680000	0,201489
0,690000	0,202126
0,700000	0,201489
0,710000	0,200214
0,720000	0,204038
0,730000	0,195752
0,740000	0,198939
0,750000	0,200214
0,760000	0,202763
0,770000	0,199577
0,780000	0,201489
0,790000	0,198939
0,800000	0,197027
0,810000	0,200214
0,820000	0,200214
0,830000	0,205950
0,840000	0,200214
0,850000	0,199577
0,860000	0,202763
0,870000	0,200214
0,880000	0,201489
0,890000	0,202763
0,900000	0,203401
0,910000	0,197027
0,920000	0,202126
0,930000	0,198939
0,940000	0,200214
0,950000	0,201489
0,960000	0,204676
0,970000	0,198939
0,980000	0,202763
0,990000	0,203401
1,000000	0,201489
1,010000	0,200851
1,020000	0,198302
1,030000	0,206588
1,040000	0,200851
1,050000	0,203401
1,060000	0,202763
1,070000	0,202763
1,080000	0,198939
1,090000	0,204038
1,100000	0,202126
1,110000	0,205313
1,120000	0,202763
1,130000	0,202763
1,140000	0,204038
1,150000	0,202763
1,160000	0,202126
1,170000	0,202763
1,180000	0,203401
1,190000	0,200851
1,200000	0,201489
1,210000	0,202126
1,220000	0,209775
1,230000	0,203401
1,240000	0,206588
1,250000	0,199577
1,260000	0,207862
1,270000	0,201489
1,280000	0,205950
1,290000	0,202126
1,300000	0,202763
1,310000	0,202763
1,320000	0,209775
1,330000	0,205950
1,340000	0,206588
1,350000	0,204676
1,360000	0,202126
1,370000	0,205313
1,380000	0,206588
1,390000	0,204038
1,400000	0,209137
1,410000	0,204038
1,420000	0,205950
1,430000	0,207225
1,440000	0,207862
1,450000	0,207225
1,460000	0,209137
1,470000	0,202763
1,480000	0,206588
1,490000	0,205313
1,500000	0,207862
1,510000	0,205950
1,520000	0,204038
1,530000	0,205313
1,540000	0,206588
1,550000	0,209775
1,560000	0,209137
1,570000	0,208500
1,580000	0,206588
1,590000	0,207862
1,600000	0,203401
1,610000	0,211687
1,620000	0,204038
1,630000	0,213599
1,640000	0,206588
1,650000	0,201489
1,660000	0,206588
1,670000	0,200214
1,680000	0,202763
1,690000	0,202763
1,700000	0,203401
1,710000	0,206588
1,720000	0,205313
1,730000	0,208500
1,740000	0,204038
1,750000	0,203401
1,760000	0,200851
1,770000	0,205950
1,780000	0,200214
1,790000	0,201489
1,800000	0,208500
1,810000	0,205313
1,820000	0,202126
1,830000	0,204676
1,840000	0,204038
1,850000	0,205313
1,860000	0,206588
1,870000	0,204038
1,880000	0,207225
1,890000	0,209137
1,900000	0,208500
1,910000	0,203401
1,920000	0,211687
1,930000	0,206588
1,940000	0,208500
1,950000	0,204038
1,960000	0,206588
1,970000	0,202126
1,980000	0,208500
1,990000	0,205950
2,000000	0,206588
2,010000	0,204038
2,020000	0,207225
2,030000	0,204038
2,040000	0,207225
2,050000	0,204038
2,060000	0,205950
2,070000	0,208500
2,080000	0,210412
2,090000	0,202763
2,100000	0,205313
2,110000	0,201489
2,120000	0,206588
2,130000	0,204676
2,140000	0,206588
2,150000	0,200851
2,160000	0,206588
2,170000	0,202763
2,180000	0,204038
2,190000	0,204038
2,200000	0,204676
2,210000	0,202126
2,220000	0,202763
2,230000	0,202126
2,240000	0,199577
2,250000	0,207862
2,260000	0,200851
2,270000	0,206588
2,280000	0,204676
2,290000	0,203401
2,300000	0,204038
2,310000	0,205313
2,320000	0,201489
2,330000	0,204676
2,340000	0,203401
2,350000	0,204038
2,360000	0,202126
2,370000	0,204038
2,380000	0,202126
2,390000	0,201489
2,400000	0,203401
2,410000	0,198939
2,420000	0,204676
2,430000	0,198939
2,440000	0,204038
2,450000	0,202126
2,460000	0,204038
2,470000	0,205313
2,480000	0,204676
2,490000	0,204038
2,500000	0,209137
2,510000	0,200214
2,520000	0,201489
2,530000	0,202763
2,540000	0,202126
2,550000	0,204038
2,560000	0,204676
2,570000	0,202763
2,580000	0,204676
2,590000	0,203401
2,600000	0,204038
2,610000	0,202763
2,620000	0,206588
2,630000	0,203401
2,640000	0,204038
2,650000	0,201489
2,660000	0,205313
2,670000	0,200851
2,680000	0,202126
2,690000	0,202126
2,700000	0,198302
2,710000	0,204038
2,720000	0,202763
2,730000	0,204676
2,740000	0,205313
2,750000	0,201489
2,760000	0,204676
2,770000	0,204038
2,780000	0,202126
2,790000	0,201489
2,800000	0,201489
2,810000	0,202126
2,820000	0,201489
2,830000	0,201489
2,840000	0,200851
2,850000	0,202763
2,860000	0,203401
2,870000	0,200214
2,880000	0,202126
2,890000	0,203401
2,900000	0,204038
2,910000	0,203401
2,920000	0,198302
2,930000	0,194478
2,940000	0,190016
2,950000	0,188104
2,960000	0,181730
2,970000	0,175994
2,980000	0,170895
2,990000	0,168346
3,000000	0,167071
3,010000	0,161335
3,020000	0,153686
3,030000	0,148587
3,040000	0,147950
3,050000	0,145401
3,060000	0,139027
3,070000	0,138390
3,080000	0,133928
3,090000	0,130741
3,100000	0,130104
3,110000	0,126917
3,120000	0,122455
3,130000	0,123093
3,140000	0,119269
3,150000	0,119906
3,160000	0,115444
3,170000	0,116719
3,180000	0,114807
3,190000	0,112895
3,200000	0,109071
3,210000	0,106521
3,220000	0,109708
3,230000	0,106521
3,240000	0,109708
3,250000	0,105246
3,260000	0,105884
3,270000	0,100785
3,280000	0,103334
3,290000	0,101422
3,300000	0,100785
3,310000	0,098873
3,320000	0,100148
3,330000	0,094411
3,340000	0,099510
3,350000	0,095686
3,360000	0,096961
3,370000	0,095049
3,380000	0,096323
3,390000	0,094411
3,400000	0,095049
3,410000	0,093774
3,420000	0,095686
3,430000	0,093774
3,440000	0,095049
3,450000	0,092499
3,460000	0,095049
3,470000	0,093137
3,480000	0,094411
3,490000	0,089950
3,500000	0,093137
3,510000	0,091224
3,520000	0,093137
3,530000	0,090587
3,540000	0,093137
3,550000	0,088675
3,560000	0,093774
3,570000	0,089312
3,580000	0,091224
3,590000	0,088675
3,600000	0,088675
3,610000	0,090587
3,620000	0,089312
3,630000	0,089950
3,640000	0,089950
3,650000	0,086126
3,660000	0,088038
3,670000	0,089312
3,680000	0,090587
3,690000	0,086126
3,700000	0,091862
3,710000	0,086126
3,720000	0,090587
3,730000	0,089312
3,740000	0,092499
3,750000	0,089312
3,760000	0,092499
3,770000	0,091224
3,780000	0,095686
3,790000	0,093774
3,800000	0,094411
3,810000	0,095686
3,820000	0,096961
3,830000	0,098235
3,840000	0,100785
3,850000	0,101422
3,860000	0,102697
3,870000	0,104609
3,880000	0,105884
3,890000	0,104609
3,900000	0,109071
3,910000	0,110983
3,920000	0,114170
3,930000	0,115444
3,940000	0,121181
3,950000	0,122455
3,960000	0,125005
3,970000	0,130104
3,980000	0,134565
3,990000	0,137752
4,000000	0,140939
4,010000	0,146675
4,020000	0,150499
4,030000	0,152412
4,040000	0,157511
4,050000	0,161972
4,060000	0,165159
4,070000	0,171533
4,080000	0,172170
4,090000	0,175357
4,100000	0,177269
4,110000	0,178544
4,120000	0,178544
4,130000	0,183005
4,140000	0,183643
4,150000	0,184917
4,160000	0,182368
4,170000	0,187467
4,180000	0,187467
4,190000	0,187467
4,200000	0,181093
4,210000	0,179818
4,220000	0,177906
4,230000	0,176631
4,240000	0,168983
4,250000	0,167071
4,260000	0,160060
4,270000	0,154961
4,280000	0,153049
4,290000	0,147950
4,300000	0,142851
4,310000	0,138390
4,320000	0,133291
4,330000	0,129466
4,340000	0,127554
4,350000	0,124367
4,360000	0,123730
4,370000	0,119906
4,380000	0,117356
4,390000	0,116082
4,400000	0,116082
4,410000	0,113532
4,420000	0,112258
4,430000	0,106521
4,440000	0,109071
4,450000	0,104609
4,460000	0,104609
4,470000	0,101422
4,480000	0,104609
4,490000	0,099510
4,500000	0,101422
4,510000	0,099510
4,520000	0,100148
4,530000	0,096961
4,540000	0,096961
4,550000	0,095049
4,560000	0,093137
4,570000	0,094411
4,580000	0,093774
4,590000	0,093137
4,600000	0,092499
4,610000	0,088038
4,620000	0,093774
4,630000	0,090587
4,640000	0,091224
4,650000	0,089950
4,660000	0,089312
4,670000	0,088675
4,680000	0,091862
4,690000	0,088038
4,700000	0,090587
4,710000	0,087400
4,720000	0,089312
4,730000	0,087400
4,740000	0,090587
4,750000	0,083576
4,760000	0,091862
4,770000	0,086763
4,780000	0,088038
4,790000	0,088675
4,800000	0,090587
4,810000	0,086126
4,820000	0,088675
4,830000	0,088038
4,840000	0,086126
4,850000	0,083576
4,860000	0,088038
4,870000	0,084851
4,880000	0,084851
4,890000	0,085488
4,900000	0,085488
4,910000	0,082301
4,920000	0,086763
4,930000	0,082939
4,940000	0,087400
4,950000	0,082301
4,960000	0,089312
4,970000	0,082301
4,980000	0,089312
4,990000	0,086763
5,000000	0,089312
5,010000	0,088675
5,020000	0,089312
5,030000	0,087400
5,040000	0,090587
5,050000	0,089950
5,060000	0,095049
5,070000	0,090587
5,080000	0,094411
5,090000	0,096961
5,100000	0,096961
5,110000	0,098873
5,120000	0,100148
5,130000	0,102060
5,140000	0,103972
5,150000	0,103972
5,160000	0,107796
5,170000	0,114807
5,180000	0,110983
5,190000	0,115444
5,200000	0,119269
5,210000	0,122455
5,220000	0,123093
5,230000	0,130104
5,240000	0,128829
5,250000	0,138390
5,260000	0,140939
5,270000	0,142851
5,280000	0,147950
5,290000	0,149862
5,300000	0,154961
5,310000	0,158785
5,320000	0,161972
5,330000	0,167071
5,340000	0,167071
5,350000	0,170895
5,360000	0,169620
5,370000	0,172807
5,380000	0,174082
5,390000	0,177906
5,400000	0,175994
5,410000	0,176631
5,420000	0,180456
5,430000	0,178544
5,440000	0,181093
5,450000	0,178544
5,460000	0,182368
5,470000	0,177906
5,480000	0,178544
5,490000	0,170895
5,500000	0,170895
5,510000	0,162609
5,520000	0,161972
5,530000	0,155598
5,540000	0,150499
5,550000	0,147313
5,560000	0,145401
5,570000	0,136477
5,580000	0,135840
5,590000	0,131379
5,600000	0,127554
5,610000	0,127554
5,620000	0,124367
5,630000	0,118631
5,640000	0,121181
5,650000	0,114170
5,660000	0,116719
5,670000	0,112258
5,680000	0,109708
5,690000	0,107796
5,700000	0,105884
5,710000	0,106521
5,720000	0,108433
5,730000	0,101422
5,740000	0,104609
5,750000	0,102060
5,760000	0,101422
5,770000	0,098873
5,780000	0,100785
5,790000	0,094411
5,800000	0,097598
5,810000	0,096961
5,820000	0,099510
5,830000	0,093137
5,840000	0,095686
5,850000	0,096961
5,860000	0,089950
5,870000	0,092499
5,880000	0,091862
5,890000	0,091224
5,900000	0,089312
5,910000	0,089312
5,920000	0,088675
5,930000	0,092499
5,940000	0,090587
5,950000	0,088675
5,960000	0,091224
5,970000	0,090587
5,980000	0,090587
5,990000	0,091862
6,000000	0,089950
6,010000	0,091224
6,020000	0,086763
6,030000	0,089950
6,040000	0,088675
6,050000	0,091224
6,060000	0,087400
6,070000	0,091224
6,080000	0,088675
6,090000	0,086126
6,100000	0,088675
6,110000	0,088675
6,120000	0,086763
6,130000	0,089312
6,140000	0,085488
6,150000	0,085488
6,160000	0,087400
6,170000	0,086126
6,180000	0,086126
6,190000	0,087400
6,200000	0,086763
6,210000	0,086763
6,220000	0,086126
6,230000	0,088038
6,240000	0,086763
6,250000	0,089312
6,260000	0,088038
6,270000	0,091224
6,280000	0,089312
6,290000	0,091224
6,300000	0,092499
6,310000	0,088038
6,320000	0,092499
6,330000	0,096961
6,340000	0,096323
6,350000	0,097598
6,360000	0,098873
6,370000	0,097598
6,380000	0,102060
6,390000	0,104609
6,400000	0,105246
6,410000	0,105884
6,420000	0,112258
6,430000	0,107796
6,440000	0,114170
6,450000	0,117994
6,460000	0,119906
6,470000	0,119906
6,480000	0,128829
6,490000	0,128192
6,500000	0,137752
6,510000	0,139027
6,520000	0,141576
6,530000	0,145401
6,540000	0,147950
6,550000	0,153049
6,560000	0,156873
6,570000	0,158785
6,580000	0,161972
6,590000	0,163247
6,600000	0,170258
6,610000	0,165796
6,620000	0,170895
6,630000	0,171533
6,640000	0,175357
6,650000	0,172170
6,660000	0,175357
6,670000	0,174082
6,680000	0,176631
6,690000	0,175357
6,700000	0,177906
6,710000	0,177269
6,720000	0,181093
6,730000	0,170258
6,740000	0,170895
6,750000	0,167071
6,760000	0,167708
6,770000	0,165159
6,780000	0,160697
6,790000	0,151774
6,800000	0,150499
6,810000	0,139664
6,820000	0,142851
6,830000	0,135840
6,840000	0,135203
6,850000	0,130104
6,860000	0,127554
6,870000	0,126280
6,880000	0,122455
6,890000	0,117994
6,900000	0,119906
6,910000	0,110983
6,920000	0,111620
6,930000	0,110983
6,940000	0,109708
6,950000	0,105246
6,960000	0,106521
6,970000	0,103972
6,980000	0,101422
6,990000	0,101422
7,000000	0,098873
7,010000	0,100785
7,020000	0,099510
7,030000	0,095686
7,040000	0,098235
7,050000	0,093137
7,060000	0,092499
7,070000	0,093137
7,080000	0,093137
7,090000	0,091862
7,100000	0,091862
7,110000	0,092499
7,120000	0,088038
7,130000	0,089950
7,140000	0,088675
7,150000	0,089312
7,160000	0,088038
7,170000	0,086763
7,180000	0,088038
7,190000	0,088038
7,200000	0,086126
7,210000	0,086763
7,220000	0,084851
7,230000	0,089312
7,240000	0,086126
7,250000	0,086763
7,260000	0,086126
7,270000	0,085488
7,280000	0,086763
7,290000	0,086126
7,300000	0,086763
7,310000	0,089312
7,320000	0,085488
7,330000	0,082939
7,340000	0,083576
7,350000	0,085488
7,360000	0,083576
7,370000	0,084213
7,380000	0,082301
7,390000	0,085488
7,400000	0,084851
7,410000	0,084213
7,420000	0,085488
7,430000	0,084213
7,440000	0,086126
7,450000	0,082939
7,460000	0,084213
7,470000	0,083576
7,480000	0,084213
7,490000	0,084851
7,500000	0,086126
7,510000	0,087400
7,520000	0,089950
7,530000	0,086126
7,540000	0,091224
7,550000	0,089312
7,560000	0,091224
7,570000	0,091862
7,580000	0,095686
7,590000	0,092499
7,600000	0,096323
7,610000	0,096961
7,620000	0,098235
7,630000	0,095686
7,640000	0,099510
7,650000	0,100785
7,660000	0,102697
7,670000	0,106521
7,680000	0,110983
7,690000	0,111620
7,700000	0,116082
7,710000	0,117994
7,720000	0,122455
7,730000	0,128192
7,740000	0,126917
7,750000	0,128829
7,760000	0,137752
7,770000	0,137115
7,780000	0,144126
7,790000	0,146038
7,800000	0,150499
7,810000	0,153049
7,820000	0,158148
7,830000	0,156236
7,840000	0,164522
7,850000	0,161335
7,860000	0,166434
7,870000	0,168346
7,880000	0,168346
7,890000	0,168346
7,900000	0,170895
7,910000	0,172170
7,920000	0,176631
7,930000	0,172807
7,940000	0,180456
7,950000	0,173445
7,960000	0,175994
7,970000	0,179181
7,980000	0,179181
7,990000	0,169620
8,000000	0,170895
8,010000	0,172170
8,020000	0,165159
8,030000	0,161335
8,040000	0,167071
8,050000	0,152412
8,060000	0,154961
8,070000	0,142851
8,080000	0,144763
8,090000	0,137115
8,100000	0,135203
8,110000	0,133928
8,120000	0,129466
8,130000	0,129466
8,140000	0,123093
8,150000	0,121818
8,160000	0,117994
8,170000	0,116719
8,180000	0,112895
8,190000	0,116719
8,200000	0,113532
8,210000	0,113532
8,220000	0,109708
8,230000	0,111620
8,240000	0,105246
8,250000	0,107796
8,260000	0,104609
8,270000	0,102060
8,280000	0,105246
8,290000	0,099510
8,300000	0,100785
8,310000	0,093774
8,320000	0,097598
8,330000	0,095049
8,340000	0,093137
8,350000	0,096323
8,360000	0,094411
8,370000	0,092499
8,380000	0,091862
8,390000	0,093137
8,400000	0,094411
8,410000	0,090587
8,420000	0,093137
8,430000	0,089312
8,440000	0,090587
8,450000	0,090587
8,460000	0,086763
8,470000	0,089312
8,480000	0,088038
8,490000	0,089312
8,500000	0,086126
8,510000	0,088038
8,520000	0,086763
8,530000	0,086126
8,540000	0,089950
8,550000	0,085488
8,560000	0,088675
8,570000	0,084851
8,580000	0,086763
8,590000	0,082939
8,600000	0,084213
8,610000	0,082301
8,620000	0,086763
8,630000	0,084213
8,640000	0,086126
8,650000	0,088038
8,660000	0,084851
8,670000	0,086763
8,680000	0,082301
8,690000	0,086763
8,700000	0,086126
8,710000	0,087400
8,720000	0,087400
8,730000	0,086126
8,740000	0,086126
8,750000	0,086126
8,760000	0,089312
8,770000	0,090587
8,780000	0,084213
8,790000	0,089950
8,800000	0,089950
8,810000	0,088038
8,820000	0,089312
8,830000	0,089312
8,840000	0,091224
8,850000	0,092499
8,860000	0,092499
8,870000	0,093137
8,880000	0,096961
8,890000	0,098235
8,900000	0,101422
8,910000	0,103972
8,920000	0,105884
8,930000	0,104609
8,940000	0,112258
8,950000	0,112895
8,960000	0,110983
8,970000	0,121818
8,980000	0,114807
8,990000	0,122455
9,000000	0,128192
9,010000	0,127554
9,020000	0,132653
9,030000	0,133928
9,040000	0,140939
9,050000	0,146038
9,060000	0,147950
9,070000	0,153049
9,080000	0,153049
9,090000	0,151774
9,100000	0,152412
9,110000	0,146038
9,120000	0,153049
9,130000	0,144763
9,140000	0,151137
9,150000	0,153686
9,160000	0,153686
9,170000	0,163247
9,180000	0,161972
9,190000	0,168983
9,200000	0,185555
9,210000	0,171533
9,220000	0,184917
9,230000	0,173445
9,240000	0,183643
9,250000	0,162609
9,260000	0,163884
9,270000	0,150499
9,280000	0,157511
9,290000	0,158148
9,300000	0,154961
9,310000	0,131379
9,320000	0,132016
9,330000	0,154961
9,340000	0,141576
9,350000	0,140939
9,360000	0,136477
9,370000	0,131379
9,380000	0,130741
9,390000	0,125005
9,400000	0,130741
9,410000	0,112895
9,420000	0,101422
9,430000	0,102060
9,440000	0,074016
9,450000	0,107159
9,460000	0,071466
9,470000	0,106521
9,480000	0,121818
9,490000	0,107796
9,500000	0,108433
9,510000	0,136477
9,520000	0,125642
9,530000	0,139027
9,540000	0,106521
9,550000	0,135203
9,560000	0,092499
9,570000	0,128829
9,580000	0,085488
9,590000	0,102060
9,600000	0,079114
9,610000	0,099510
9,620000	0,060631
9,630000	0,110345
9,640000	0,083576
9,650000	0,108433
9,660000	0,090587
9,670000	0,106521
9,680000	0,076565
9,690000	0,081027
9,700000	0,097598
9,710000	0,081664
9,720000	0,069554
9,730000	0,091224
9,740000	0,065730
9,750000	0,088038
9,760000	0,062543
9,770000	0,088038
9,780000	0,088038
9,790000	0,089312
9,800000	0,088675
9,810000	0,101422
9,820000	0,088038
9,830000	0,091862
9,840000	0,089950
9,850000	0,058719
9,860000	0,080389
9,870000	0,087400
9,880000	0,086126
9,890000	0,075928
9,900000	0,048521
9,910000	0,081027
9,920000	0,105246
9,930000	0,082939
9,940000	0,086763
9,950000	0,089950
9,960000	0,073378
9,970000	0,079752
9,980000	0,086126
9,990000	0,098235
10,000000	0,086126
10,010000	0,095049
10,020000	0,100785
10,030000	0,095049
10,040000	0,078477
10,050000	0,089312
10,060000	0,093137
10,070000	0,095686
10,080000	0,091862
10,090000	0,086763
10,100000	0,091862
10,110000	0,092499
10,120000	0,093774
10,130000	0,100785
10,140000	0,093137
10,150000	0,102060
10,160000	0,100148
10,170000	0,103334
10,180000	0,107159
10,190000	0,111620
10,200000	0,114807
10,210000	0,114170
10,220000	0,121818
10,230000	0,112895
10,240000	0,117994
10,250000	0,126280
10,260000	0,124367
10,270000	0,130104
10,280000	0,132016
10,290000	0,138390
10,300000	0,141576
10,310000	0,144763
10,320000	0,149225
10,330000	0,151137
10,340000	0,155598
10,350000	0,158148
10,360000	0,167071
10,370000	0,163247
10,380000	0,174719
10,390000	0,163247
10,400000	0,174082
10,410000	0,174082
10,420000	0,172170
10,430000	0,177269
10,440000	0,179818
10,450000	0,177269
10,460000	0,182368
10,470000	0,177269
10,480000	0,191928
10,490000	0,204038
10,500000	0,185555
10,510000	0,193840
10,520000	0,171533
10,530000	0,175357
10,540000	0,174719
10,550000	0,167071
10,560000	0,170895
10,570000	0,155598
10,580000	0,142214
10,590000	0,145401
10,600000	0,132653
10,610000	0,145401
10,620000	0,134565
10,630000	0,137115
10,640000	0,135203
10,650000	0,127554
10,660000	0,123093
10,670000	0,137752
10,680000	0,118631
10,690000	0,085488
10,700000	0,111620
10,710000	0,096323
10,720000	0,108433
10,730000	0,095686
10,740000	0,105884
10,750000	0,095049
10,760000	0,086126
10,770000	0,110345
10,780000	0,099510
10,790000	0,107159
10,800000	0,131379
10,810000	0,097598
10,820000	0,109071
10,830000	0,093774
10,840000	0,106521
10,850000	0,092499
10,860000	0,092499
10,870000	0,043422
10,880000	0,080389
10,890000	0,045971
10,900000	0,081027
10,910000	0,053620
10,920000	0,086763
10,930000	0,081664
10,940000	0,085488
10,950000	0,112258
10,960000	0,070191
10,970000	0,072103
10,980000	0,102697
10,990000	0,065730
11,000000	0,099510
11,010000	0,074653
11,020000	0,086763
11,030000	0,081027
11,040000	0,084851
11,050000	0,087400
11,060000	0,096323
11,070000	0,099510
11,080000	0,096323
11,090000	0,105884
11,100000	0,091224
11,110000	0,088675
11,120000	0,098873
11,130000	0,083576
11,140000	0,068917
11,150000	0,077840
11,160000	0,089312
11,170000	0,079752
11,180000	0,060631
11,190000	0,082301
11,200000	0,086126
11,210000	0,072741
11,220000	0,088038
11,230000	0,119269
11,240000	0,089312
11,250000	0,119906
11,260000	0,092499
11,270000	0,117994
11,280000	0,084213
11,290000	0,105884
11,300000	0,095686
11,310000	0,086126
11,320000	0,085488
11,330000	0,081664
11,340000	0,080389
11,350000	0,086126
11,360000	0,090587
11,370000	0,097598
11,380000	0,081027
11,390000	0,102697
11,400000	0,110345
11,410000	0,094411
11,420000	0,107159
11,430000	0,103334
11,440000	0,114170
11,450000	0,107159
11,460000	0,114170
11,470000	0,109708
11,480000	0,111620
11,490000	0,116082
11,500000	0,121181
11,510000	0,117994
11,520000	0,123730
11,530000	0,112258
11,540000	0,130104
11,550000	0,134565
11,560000	0,140302
11,570000	0,146675
11,580000	0,142851
11,590000	0,155598
11,600000	0,154961
11,610000	0,161972
11,620000	0,153049
11,630000	0,167071
11,640000	0,163884
11,650000	0,165796
11,660000	0,165159
11,670000	0,171533
11,680000	0,173445
11,690000	0,175994
11,700000	0,175994
11,710000	0,169620
11,720000	0,172170
11,730000	0,175994
11,740000	0,180456
11,750000	0,175994
11,760000	0,189379
11,770000	0,170895
11,780000	0,184280
11,790000	0,167708
11,800000	0,165796
11,810000	0,158785
11,820000	0,155598
11,830000	0,140939
11,840000	0,144763
11,850000	0,126280
11,860000	0,135840
11,870000	0,121818
11,880000	0,132653
11,890000	0,117994
11,900000	0,125005
11,910000	0,118631
11,920000	0,121818
11,930000	0,117994
11,940000	0,125005
11,950000	0,114170
11,960000	0,098873
11,970000	0,100148
11,980000	0,091224
11,990000	0,104609
12,000000	0,093137
12,010000	0,110345
12,020000	0,104609
12,030000	0,106521
12,040000	0,105246
12,050000	0,123730
12,060000	0,101422
12,070000	0,124367
12,080000	0,096323
12,090000	0,110345
12,100000	0,091224
12,110000	0,089950
12,120000	0,090587
12,130000	0,089312
12,140000	0,080389
12,150000	0,093774
12,160000	0,096961
12,170000	0,096323
12,180000	0,133291
12,190000	0,098235
12,200000	0,132016
12,210000	0,095686
12,220000	0,109071
12,230000	0,099510
12,240000	0,098235
12,250000	0,100785
12,260000	0,092499
12,270000	0,072103
12,280000	0,086763
12,290000	0,066367
12,300000	0,088675
12,310000	0,075928
12,320000	0,087400
12,330000	0,088038
12,340000	0,086126
12,350000	0,088675
12,360000	0,088038
12,370000	0,088675
12,380000	0,091224
12,390000	0,088675
12,400000	0,083576
12,410000	0,081027
12,420000	0,082939
12,430000	0,081664
12,440000	0,082939
12,450000	0,075928
12,460000	0,081664
12,470000	0,100785
12,480000	0,081027
12,490000	0,095049
12,500000	0,084851
12,510000	0,095049
12,520000	0,088675
12,530000	0,096961
12,540000	0,081027
12,550000	0,089950
12,560000	0,071466
12,570000	0,087400
12,580000	0,070829
12,590000	0,082301
12,600000	0,077202
12,610000	0,076565
12,620000	0,085488
12,630000	0,080389
12,640000	0,092499
12,650000	0,107159
12,660000	0,094411
12,670000	0,102697
12,680000	0,103334
12,690000	0,110345
12,700000	0,102697
12,710000	0,113532
12,720000	0,110983
12,730000	0,114170
12,740000	0,119269
12,750000	0,119906
12,760000	0,119906
12,770000	0,116719
12,780000	0,127554
12,790000	0,127554
12,800000	0,132653
12,810000	0,144126
12,820000	0,141576
12,830000	0,143488
12,840000	0,149862
12,850000	0,147313
12,860000	0,153049
12,870000	0,156236
12,880000	0,164522
12,890000	0,161335
12,900000	0,160060
12,910000	0,164522
12,920000	0,164522
12,930000	0,170258
12,940000	0,165159
12,950000	0,174082
12,960000	0,175357
12,970000	0,177906
12,980000	0,170258
12,990000	0,179818
13,000000	0,170895
13,010000	0,167071
13,020000	0,172807
13,030000	0,163247
13,040000	0,178544
13,050000	0,163884
13,060000	0,168983
13,070000	0,157511
13,080000	0,158148
13,090000	0,155598
13,100000	0,147950
13,110000	0,150499
13,120000	0,157511
13,130000	0,137752
13,140000	0,147313
13,150000	0,133928
13,160000	0,139664
13,170000	0,132016
13,180000	0,130741
13,190000	0,117994
13,200000	0,119269
13,210000	0,113532
13,220000	0,114807
13,230000	0,112895
13,240000	0,109071
13,250000	0,112895
13,260000	0,108433
13,270000	0,110345
13,280000	0,109708
13,290000	0,103334
13,300000	0,107159
13,310000	0,102060
13,320000	0,089312
13,330000	0,099510
13,340000	0,088038
13,350000	0,095686
13,360000	0,086126
13,370000	0,091862
13,380000	0,086126
13,390000	0,093774
13,400000	0,095049
13,410000	0,102060
13,420000	0,087400
13,430000	0,095686
13,440000	0,084851
13,450000	0,070829
13,460000	0,084213
13,470000	0,068917
13,480000	0,078477
13,490000	0,072741
13,500000	0,072741
13,510000	0,073378
13,520000	0,076565
13,530000	0,081027
13,540000	0,092499
13,550000	0,082301
13,560000	0,092499
13,570000	0,084851
13,580000	0,091862
13,590000	0,089312
13,600000	0,092499
13,610000	0,091224
13,620000	0,088675
13,630000	0,086763
13,640000	0,083576
13,650000	0,085488
13,660000	0,082301
13,670000	0,088675
13,680000	0,079114
13,690000	0,084213
13,700000	0,082301
13,710000	0,082939
13,720000	0,082301
13,730000	0,084213
13,740000	0,083576
13,750000	0,081027
13,760000	0,084213
13,770000	0,081664
13,780000	0,086126
13,790000	0,085488
13,800000	0,089950
13,810000	0,085488
13,820000	0,087400
13,830000	0,088038
13,840000	0,091224
13,850000	0,090587
13,860000	0,093774
13,870000	0,091224
13,880000	0,094411
13,890000	0,093774
13,900000	0,100785
13,910000	0,096323
13,920000	0,100148
13,930000	0,101422
13,940000	0,106521
13,950000	0,101422
13,960000	0,103334
13,970000	0,107796
13,980000	0,110345
13,990000	0,114170
14,000000	0,116082
14,010000	0,114807
14,020000	0,118631
14,030000	0,126280
14,040000	0,126917
14,050000	0,129466
14,060000	0,132653
14,070000	0,143488
14,080000	0,141576
14,090000	0,147950
14,100000	0,150499
14,110000	0,158148
14,120000	0,161972
14,130000	0,159423
14,140000	0,161972
14,150000	0,160060
14,160000	0,165159
14,170000	0,167071
14,180000	0,165796
14,190000	0,170258
14,200000	0,170258
14,210000	0,168346
14,220000	0,174719
14,230000	0,172170
14,240000	0,174719
14,250000	0,173445
14,260000	0,173445
14,270000	0,175357
14,280000	0,173445
14,290000	0,170258
14,300000	0,171533
14,310000	0,164522
14,320000	0,163247
14,330000	0,168346
14,340000	0,160060
14,350000	0,154961
14,360000	0,153049
14,370000	0,147950
14,380000	0,138390
14,390000	0,137752
14,400000	0,139027
14,410000	0,131379
14,420000	0,126280
14,430000	0,132016
14,440000	0,119906
14,450000	0,115444
14,460000	0,114807
14,470000	0,115444
14,480000	0,114807
14,490000	0,109708
14,500000	0,109071
14,510000	0,109708
14,520000	0,109071
14,530000	0,102060
14,540000	0,099510
14,550000	0,102060
14,560000	0,099510
14,570000	0,102060
14,580000	0,100785
14,590000	0,096961
14,600000	0,095686
14,610000	0,096323
14,620000	0,096323
14,630000	0,099510
14,640000	0,091224
14,650000	0,096323
14,660000	0,092499
14,670000	0,091862
14,680000	0,091224
14,690000	0,091862
14,700000	0,090587
14,710000	0,087400
14,720000	0,088675
14,730000	0,088675
14,740000	0,091224
14,750000	0,088038
14,760000	0,088675
14,770000	0,089950
14,780000	0,089312
14,790000	0,087400
14,800000	0,084851
14,810000	0,086126
14,820000	0,084851
14,830000	0,085488
14,840000	0,086126
14,850000	0,088675
14,860000	0,087400
14,870000	0,085488
14,880000	0,088038
14,890000	0,088038
14,900000	0,085488
14,910000	0,086126
14,920000	0,085488
14,930000	0,083576
14,940000	0,081027
14,950000	0,081664
14,960000	0,083576
14,970000	0,083576
14,980000	0,081664
14,990000	0,082939
15,000000	0,083576
15,010000	0,082301
15,020000	0,082939
15,030000	0,082301
15,040000	0,085488
15,050000	0,082939
15,060000	0,089950
15,070000	0,084213
15,080000	0,088038
15,090000	0,088038
15,100000	0,090587
15,110000	0,089312
15,120000	0,089312
15,130000	0,090587
15,140000	0,091224
15,150000	0,091224
15,160000	0,091862
15,170000	0,096961
15,180000	0,095686
15,190000	0,096323
15,200000	0,100148
15,210000	0,100148
15,220000	0,105246
15,230000	0,099510
15,240000	0,110983
15,250000	0,110983
15,260000	0,110983
15,270000	0,115444
15,280000	0,117356
15,290000	0,125005
15,300000	0,127554
15,310000	0,128192
15,320000	0,133928
15,330000	0,134565
15,340000	0,143488
15,350000	0,144763
15,360000	0,144763
15,370000	0,154324
15,380000	0,151774
15,390000	0,159423
15,400000	0,153049
15,410000	0,165159
15,420000	0,164522
15,430000	0,160060
15,440000	0,159423
15,450000	0,168983
15,460000	0,163884
15,470000	0,165159
15,480000	0,167708
15,490000	0,172807
15,500000	0,167071
15,510000	0,172170
15,520000	0,170895
15,530000	0,170258
15,540000	0,169620
15,550000	0,170895
15,560000	0,167708
15,570000	0,170895
15,580000	0,164522
15,590000	0,161972
15,600000	0,157511
15,610000	0,152412
15,620000	0,150499
15,630000	0,147950
15,640000	0,140939
15,650000	0,137115
15,660000	0,133291
15,670000	0,134565
15,680000	0,130104
15,690000	0,122455
15,700000	0,121181
15,710000	0,122455
15,720000	0,117356
15,730000	0,115444
15,740000	0,110983
15,750000	0,114170
15,760000	0,106521
15,770000	0,109708
15,780000	0,103972
15,790000	0,103972
15,800000	0,102697
15,810000	0,099510
15,820000	0,098873
15,830000	0,100148
15,840000	0,096961
15,850000	0,098873
15,860000	0,099510
15,870000	0,094411
15,880000	0,096323
15,890000	0,091862
15,900000	0,093774
15,910000	0,091862
15,920000	0,091862
15,930000	0,093774
15,940000	0,089950
15,950000	0,089312
15,960000	0,088675
15,970000	0,088038
15,980000	0,087400
15,990000	0,087400
16,000000	0,089312
16,010000	0,088675
16,020000	0,086126
16,030000	0,088675
16,040000	0,088038
16,050000	0,088038
16,060000	0,088038
16,070000	0,086763
16,080000	0,086763
16,090000	0,089312
16,100000	0,087400
16,110000	0,088675
16,120000	0,086126
16,130000	0,089950
16,140000	0,085488
16,150000	0,084851
16,160000	0,084851
16,170000	0,086126
16,180000	0,082939
16,190000	0,085488
16,200000	0,081027
16,210000	0,082301
16,220000	0,083576
16,230000	0,085488
16,240000	0,081664
16,250000	0,087400
16,260000	0,083576
16,270000	0,085488
16,280000	0,082939
16,290000	0,087400
16,300000	0,084213
16,310000	0,085488
16,320000	0,087400
16,330000	0,088675
16,340000	0,088038
16,350000	0,087400
16,360000	0,089312
16,370000	0,092499
16,380000	0,087400
16,390000	0,096323
16,400000	0,093774
16,410000	0,094411
16,420000	0,096323
16,430000	0,095049
16,440000	0,099510
16,450000	0,099510
16,460000	0,102697
16,470000	0,101422
16,480000	0,109708
16,490000	0,106521
16,500000	0,110983
16,510000	0,112258
16,520000	0,116082
16,530000	0,121181
16,540000	0,119269
16,550000	0,128829
16,560000	0,127554
16,570000	0,132016
16,580000	0,137115
16,590000	0,142214
16,600000	0,145401
16,610000	0,146675
16,620000	0,153049
16,630000	0,154961
16,640000	0,154324
16,650000	0,152412
16,660000	0,158148
16,670000	0,162609
16,680000	0,165159
16,690000	0,167708
16,700000	0,165796
16,710000	0,168983
16,720000	0,168346
16,730000	0,176631
16,740000	0,169620
16,750000	0,171533
16,760000	0,170895
16,770000	0,172807
16,780000	0,176631
16,790000	0,177906
16,800000	0,175994
16,810000	0,174719
16,820000	0,171533
16,830000	0,170258
16,840000	0,165159
16,850000	0,163247
16,860000	0,159423
16,870000	0,154961
16,880000	0,150499
16,890000	0,145401
16,900000	0,142851
16,910000	0,137115
16,920000	0,135203
16,930000	0,133928
16,940000	0,126280
16,950000	0,126917
16,960000	0,122455
16,970000	0,119906
16,980000	0,118631
16,990000	0,114807
17,000000	0,110983
17,010000	0,110983
17,020000	0,109071
17,030000	0,106521
17,040000	0,105246
17,050000	0,106521
17,060000	0,105884
17,070000	0,101422
17,080000	0,097598
17,090000	0,099510
17,100000	0,096323
17,110000	0,098873
17,120000	0,095686
17,130000	0,093774
17,140000	0,094411
17,150000	0,091862
17,160000	0,092499
17,170000	0,089950
17,180000	0,093137
17,190000	0,089950
17,200000	0,086763
17,210000	0,089312
17,220000	0,089312
17,230000	0,091224
17,240000	0,087400
17,250000	0,088038
17,260000	0,088675
17,270000	0,084213
17,280000	0,086126
17,290000	0,088675
17,300000	0,089312
17,310000	0,083576
17,320000	0,088675
17,330000	0,083576
17,340000	0,087400
17,350000	0,085488
17,360000	0,086763
17,370000	0,083576
17,380000	0,086763
17,390000	0,084213
17,400000	0,081027
17,410000	0,085488
17,420000	0,084851
17,430000	0,085488
17,440000	0,084213
17,450000	0,079752
17,460000	0,084213
17,470000	0,082301
17,480000	0,082939
17,490000	0,081664
17,500000	0,081664
17,510000	0,083576
17,520000	0,079114
17,530000	0,082301
17,540000	0,082939
17,550000	0,083576
17,560000	0,081027
17,570000	0,082301
17,580000	0,083576
17,590000	0,086763
17,600000	0,087400
17,610000	0,088038
17,620000	0,086763
17,630000	0,090587
17,640000	0,087400
17,650000	0,091862
17,660000	0,088675
17,670000	0,094411
17,680000	0,091224
17,690000	0,098235
17,700000	0,095049
17,710000	0,098873
17,720000	0,101422
17,730000	0,104609
17,740000	0,107796
17,750000	0,103972
17,760000	0,109708
17,770000	0,113532
17,780000	0,115444
17,790000	0,116719
17,800000	0,119906
17,810000	0,124367
17,820000	0,126917
17,830000	0,134565
17,840000	0,133291
17,850000	0,143488
17,860000	0,140302
17,870000	0,146675
17,880000	0,149225
17,890000	0,153049
17,900000	0,152412
17,910000	0,154961
17,920000	0,158785
17,930000	0,162609
17,940000	0,165796
17,950000	0,160697
17,960000	0,165159
17,970000	0,165796
17,980000	0,173445
17,990000	0,165159
18,000000	0,173445
18,010000	0,168983
18,020000	0,172807
18,030000	0,170258
18,040000	0,174082
18,050000	0,169620
18,060000	0,174719
18,070000	0,170258
18,080000	0,173445
18,090000	0,168983
18,100000	0,169620
18,110000	0,161972
18,120000	0,163247
18,130000	0,150499
18,140000	0,153049
18,150000	0,147313
18,160000	0,143488
18,170000	0,137752
18,180000	0,137115
18,190000	0,133291
18,200000	0,130741
18,210000	0,123093
18,220000	0,124367
18,230000	0,120543
18,240000	0,117356
18,250000	0,117356
18,260000	0,114170
18,270000	0,110983
18,280000	0,109071
18,290000	0,109071
18,300000	0,105884
18,310000	0,105246
18,320000	0,102060
18,330000	0,102697
18,340000	0,102060
18,350000	0,097598
18,360000	0,098235
18,370000	0,096961
18,380000	0,096323
18,390000	0,098873
18,400000	0,095049
18,410000	0,095686
18,420000	0,095049
18,430000	0,091224
18,440000	0,091862
18,450000	0,091862
18,460000	0,088038
18,470000	0,090587
18,480000	0,090587
18,490000	0,090587
18,500000	0,089312
18,510000	0,087400
18,520000	0,089950
18,530000	0,088675
18,540000	0,088038
18,550000	0,089312
18,560000	0,087400
18,570000	0,088038
18,580000	0,085488
18,590000	0,088675
18,600000	0,086126
18,610000	0,086126
18,620000	0,088675
18,630000	0,086763
18,640000	0,086763
18,650000	0,087400
18,660000	0,085488
18,670000	0,085488
18,680000	0,086763
18,690000	0,082939
18,700000	0,086126
18,710000	0,084851
18,720000	0,082301
18,730000	0,082939
18,740000	0,082939
18,750000	0,084213
18,760000	0,084213
18,770000	0,085488
18,780000	0,082301
18,790000	0,085488
18,800000	0,083576
18,810000	0,086126
18,820000	0,082301
18,830000	0,086126
18,840000	0,085488
18,850000	0,087400
18,860000	0,086763
18,870000	0,088038
18,880000	0,087400
18,890000	0,089950
18,900000	0,089950
18,910000	0,089950
18,920000	0,090587
18,930000	0,094411
18,940000	0,092499
18,950000	0,096961
18,960000	0,096323
18,970000	0,100148
18,980000	0,101422
18,990000	0,105246
19,000000	0,102697
19,010000	0,109708
19,020000	0,111620
19,030000	0,112895
19,040000	0,110983
19,050000	0,122455
19,060000	0,117356
19,070000	0,125642
19,080000	0,126917
19,090000	0,130104
19,100000	0,133928
19,110000	0,142851
19,120000	0,137115
19,130000	0,147313
19,140000	0,147313
19,150000	0,148587
19,160000	0,147950
19,170000	0,156873
19,180000	0,157511
19,190000	0,161972
19,200000	0,160060
19,210000	0,163247
19,220000	0,163247
19,230000	0,167071
19,240000	0,162609
19,250000	0,172170
19,260000	0,167708
19,270000	0,172807
19,280000	0,168346
19,290000	0,172807
19,300000	0,170258
19,310000	0,175357
19,320000	0,169620
19,330000	0,173445
19,340000	0,165796
19,350000	0,168983
19,360000	0,163884
19,370000	0,162609
19,380000	0,159423
19,390000	0,153686
19,400000	0,146675
19,410000	0,149862
19,420000	0,140939
19,430000	0,139664
19,440000	0,133928
19,450000	0,130741
19,460000	0,126917
19,470000	0,125005
19,480000	0,124367
19,490000	0,117994
19,500000	0,117356
19,510000	0,114807
19,520000	0,114807
19,530000	0,109071
19,540000	0,110983
19,550000	0,108433
19,560000	0,106521
19,570000	0,102060
19,580000	0,105246
19,590000	0,101422
19,600000	0,101422
19,610000	0,097598
19,620000	0,096961
19,630000	0,095686
19,640000	0,095686
19,650000	0,091224
19,660000	0,094411
19,670000	0,094411
19,680000	0,091862
19,690000	0,089950
19,700000	0,090587
19,710000	0,091224
19,720000	0,088675
19,730000	0,091862
19,740000	0,088038
19,750000	0,090587
19,760000	0,086126
19,770000	0,089950
19,780000	0,086763
19,790000	0,086763
19,800000	0,087400
19,810000	0,086763
19,820000	0,089312
19,830000	0,086763
19,840000	0,086763
19,850000	0,084851
19,860000	0,086126
19,870000	0,087400
19,880000	0,086126
19,890000	0,085488
19,900000	0,084851
19,910000	0,084851
19,920000	0,084213
19,930000	0,083576
19,940000	0,083576
19,950000	0,084851
19,960000	0,082301
19,970000	0,082301
19,980000	0,084213
19,990000	0,084213
20,000000	0,082939
20,010000	0,081027
20,020000	0,082939
20,030000	0,084213
20,040000	0,082301
20,050000	0,083576
20,060000	0,084851
20,070000	0,086763
20,080000	0,084851
20,090000	0,084851
20,100000	0,089312
20,110000	0,085488
20,120000	0,087400
20,130000	0,087400
20,140000	0,089950
20,150000	0,089950
20,160000	0,090587
20,170000	0,091862
20,180000	0,092499
20,190000	0,095686
20,200000	0,095686
20,210000	0,096323
20,220000	0,098235
20,230000	0,101422
20,240000	0,098235
20,250000	0,102697
20,260000	0,102697
20,270000	0,110345
20,280000	0,109071
20,290000	0,109708
20,300000	0,115444
20,310000	0,120543
20,320000	0,121181
20,330000	0,124367
20,340000	0,128192
20,350000	0,134565
20,360000	0,132653
20,370000	0,140302
20,380000	0,142851
20,390000	0,145401
20,400000	0,151137
20,410000	0,153686
20,420000	0,153049
20,430000	0,157511
20,440000	0,160697
20,450000	0,161972
20,460000	0,164522
20,470000	0,167071
20,480000	0,164522
20,490000	0,168346
20,500000	0,169620
20,510000	0,172170
20,520000	0,168983
20,530000	0,173445
20,540000	0,172807
20,550000	0,174719
20,560000	0,173445
20,570000	0,176631
20,580000	0,173445
20,590000	0,176631
20,600000	0,170258
20,610000	0,172807
20,620000	0,166434
20,630000	0,167071
20,640000	0,156236
20,650000	0,161972
20,660000	0,147950
20,670000	0,148587
20,680000	0,143488
20,690000	0,140939
20,700000	0,133291
20,710000	0,133928
20,720000	0,127554
20,730000	0,128192
20,740000	0,121818
20,750000	0,125005
20,760000	0,116719
20,770000	0,117356
20,780000	0,111620
20,790000	0,114170
20,800000	0,107796
20,810000	0,111620
20,820000	0,102697
20,830000	0,105246
20,840000	0,100785
20,850000	0,102060
20,860000	0,097598
20,870000	0,100785
20,880000	0,097598
20,890000	0,098235
20,900000	0,097598
20,910000	0,096961
20,920000	0,094411
20,930000	0,093774
20,940000	0,090587
20,950000	0,093137
20,960000	0,089950
20,970000	0,090587
20,980000	0,091224
20,990000	0,091224
21,000000	0,088038
21,010000	0,088675
21,020000	0,086763
21,030000	0,087400
21,040000	0,085488
21,050000	0,088038
21,060000	0,086763
21,070000	0,085488
21,080000	0,085488
21,090000	0,086763
21,100000	0,085488
21,110000	0,086763
21,120000	0,084851
21,130000	0,085488
21,140000	0,085488
21,150000	0,083576
21,160000	0,086126
21,170000	0,085488
21,180000	0,085488
21,190000	0,084851
21,200000	0,082939
21,210000	0,081664
21,220000	0,082939
21,230000	0,086126
21,240000	0,084851
21,250000	0,082939
21,260000	0,081027
21,270000	0,083576
21,280000	0,081027
21,290000	0,082301
21,300000	0,082939
21,310000	0,082939
21,320000	0,083576
21,330000	0,084213
21,340000	0,082301
21,350000	0,081664
21,360000	0,086763
21,370000	0,085488
21,380000	0,086126
21,390000	0,085488
21,400000	0,086763
21,410000	0,088038
21,420000	0,089312
21,430000	0,091224
21,440000	0,091862
21,450000	0,093137
21,460000	0,095049
21,470000	0,093774
21,480000	0,096961
21,490000	0,098235
21,500000	0,100785
21,510000	0,099510
21,520000	0,103972
21,530000	0,105884
21,540000	0,108433
21,550000	0,110983
21,560000	0,113532
21,570000	0,116082
21,580000	0,117994
21,590000	0,122455
21,600000	0,126917
21,610000	0,130741
21,620000	0,135203
21,630000	0,136477
21,640000	0,140302
21,650000	0,145401
21,660000	0,147950
21,670000	0,152412
21,680000	0,147950
21,690000	0,156873
21,700000	0,154961
21,710000	0,164522
21,720000	0,159423
21,730000	0,166434
21,740000	0,161335
21,750000	0,166434
21,760000	0,165796
21,770000	0,169620
21,780000	0,166434
21,790000	0,170895
21,800000	0,170895
21,810000	0,170895
21,820000	0,170895
21,830000	0,173445
21,840000	0,172170
21,850000	0,170895
21,860000	0,168346
21,870000	0,168346
21,880000	0,162609
21,890000	0,163884
21,900000	0,155598
21,910000	0,154324
21,920000	0,149862
21,930000	0,145401
21,940000	0,142851
21,950000	0,140302
21,960000	0,132653
21,970000	0,133928
21,980000	0,127554
21,990000	0,124367
22,000000	0,121181
22,010000	0,121181
22,020000	0,116719
22,030000	0,116082
22,040000	0,108433
22,050000	0,109708
22,060000	0,109071
22,070000	0,110345
22,080000	0,105884
22,090000	0,104609
22,100000	0,102060
22,110000	0,100785
22,120000	0,099510
22,130000	0,100785
22,140000	0,098235
22,150000	0,096961
22,160000	0,096323
22,170000	0,096961
22,180000	0,091862
22,190000	0,093137
22,200000	0,090587
22,210000	0,094411
22,220000	0,088038
22,230000	0,092499
22,240000	0,086763
22,250000	0,092499
22,260000	0,088038
22,270000	0,088675
22,280000	0,085488
22,290000	0,091224
22,300000	0,088038
22,310000	0,089312
22,320000	0,085488
22,330000	0,088038
22,340000	0,087400
22,350000	0,088038
22,360000	0,082939
22,370000	0,091224
22,380000	0,084851
22,390000	0,088038
22,400000	0,084213
22,410000	0,088038
22,420000	0,089312
22,430000	0,085488
22,440000	0,084851
22,450000	0,088038
22,460000	0,085488
22,470000	0,087400
22,480000	0,084213
22,490000	0,082939
22,500000	0,082301
22,510000	0,081664
22,520000	0,082301
22,530000	0,086763
22,540000	0,082939
22,550000	0,085488
22,560000	0,086126
22,570000	0,085488
22,580000	0,082301
22,590000	0,086126
22,600000	0,083576
22,610000	0,084851
22,620000	0,084213
22,630000	0,084851
22,640000	0,086763
22,650000	0,089312
22,660000	0,091224
22,670000	0,090587
22,680000	0,093137
22,690000	0,092499
22,700000	0,095686
22,710000	0,095049
22,720000	0,096323
22,730000	0,097598
22,740000	0,099510
22,750000	0,099510
22,760000	0,102060
22,770000	0,103972
22,780000	0,103334
22,790000	0,106521
22,800000	0,109708
22,810000	0,112895
22,820000	0,113532
22,830000	0,119269
22,840000	0,119269
22,850000	0,122455
22,860000	0,129466
22,870000	0,133928
22,880000	0,135203
22,890000	0,139664
22,900000	0,146038
22,910000	0,144763
22,920000	0,151137
22,930000	0,151774
22,940000	0,154324
22,950000	0,158148
22,960000	0,160060
22,970000	0,165159
22,980000	0,163884
22,990000	0,163247
23,000000	0,165159
23,010000	0,168983
23,020000	0,167708
23,030000	0,166434
23,040000	0,168983
23,050000	0,170258
23,060000	0,172170
23,070000	0,170895
23,080000	0,170258
23,090000	0,171533
23,100000	0,175994
23,110000	0,171533
23,120000	0,169620
23,130000	0,167071
23,140000	0,168346
23,150000	0,162609
23,160000	0,160697
23,170000	0,155598
23,180000	0,154961
23,190000	0,144126
23,200000	0,141576
23,210000	0,137115
23,220000	0,133291
23,230000	0,131379
23,240000	0,129466
23,250000	0,123730
23,260000	0,124367
23,270000	0,120543
23,280000	0,118631
23,290000	0,116082
23,300000	0,112895
23,310000	0,108433
23,320000	0,107796
23,330000	0,104609
23,340000	0,105884
23,350000	0,101422
23,360000	0,102697
23,370000	0,098235
23,380000	0,101422
23,390000	0,096961
23,400000	0,098873
23,410000	0,093774
23,420000	0,096323
23,430000	0,096961
23,440000	0,091224
23,450000	0,092499
23,460000	0,091862
23,470000	0,089950
23,480000	0,091862
23,490000	0,089312
23,500000	0,088675
23,510000	0,088038
23,520000	0,088675
23,530000	0,085488
23,540000	0,087400
23,550000	0,087400
23,560000	0,087400
23,570000	0,086763
23,580000	0,088675
23,590000	0,085488
23,600000	0,086763
23,610000	0,084213
23,620000	0,084851
23,630000	0,086126
23,640000	0,086126
23,650000	0,084851
23,660000	0,088038
23,670000	0,086126
23,680000	0,084213
23,690000	0,085488
23,700000	0,082939
23,710000	0,084851
23,720000	0,084851
23,730000	0,081027
23,740000	0,084213
23,750000	0,084851
23,760000	0,084213
23,770000	0,085488
23,780000	0,083576
23,790000	0,082301
23,800000	0,081664
23,810000	0,082301
23,820000	0,081027
23,830000	0,084213
23,840000	0,081027
23,850000	0,083576
23,860000	0,083576
23,870000	0,082301
23,880000	0,085488
23,890000	0,084213
23,900000	0,083576
23,910000	0,087400
23,920000	0,084213
23,930000	0,089312
23,940000	0,091224
23,950000	0,093137
23,960000	0,089312
23,970000	0,093137
23,980000	0,094411
23,990000	0,095686
24,000000	0,096961
24,010000	0,099510
24,020000	0,100148
24,030000	0,102697
24,040000	0,101422
24,050000	0,107159
24,060000	0,109071
24,070000	0,112258
24,080000	0,114807
24,090000	0,115444
24,100000	0,118631
24,110000	0,125642
24,120000	0,125642
24,130000	0,132653
24,140000	0,133291
24,150000	0,137752
24,160000	0,140302
24,170000	0,147950
24,180000	0,142851
24,190000	0,152412
24,200000	0,150499
24,210000	0,159423
24,220000	0,157511
24,230000	0,163247
24,240000	0,161972
24,250000	0,165796
24,260000	0,163247
24,270000	0,165159
24,280000	0,161972
24,290000	0,170895
24,300000	0,173445
24,310000	0,169620
24,320000	0,170895
24,330000	0,168983
24,340000	0,171533
24,350000	0,175357
24,360000	0,171533
24,370000	0,173445
24,380000	0,170258
24,390000	0,169620
24,400000	0,167708
24,410000	0,165159
24,420000	0,160060
24,430000	0,156236
24,440000	0,149862
24,450000	0,147950
24,460000	0,144126
24,470000	0,144763
24,480000	0,134565
24,490000	0,136477
24,500000	0,128192
24,510000	0,128192
24,520000	0,123093
24,530000	0,122455
24,540000	0,115444
24,550000	0,114807
24,560000	0,113532
24,570000	0,113532
24,580000	0,109071
24,590000	0,107159
24,600000	0,107159
24,610000	0,107159
24,620000	0,102697
24,630000	0,105246
24,640000	0,100785
24,650000	0,099510
24,660000	0,097598
24,670000	0,098235
24,680000	0,096323
24,690000	0,096961
24,700000	0,096323
24,710000	0,092499
24,720000	0,093774
24,730000	0,088675
24,740000	0,092499
24,750000	0,092499
24,760000	0,090587
24,770000	0,089312
24,780000	0,090587
24,790000	0,088675
24,800000	0,090587
24,810000	0,087400
24,820000	0,088038
24,830000	0,088038
24,840000	0,086126
24,850000	0,086763
24,860000	0,088038
24,870000	0,086126
24,880000	0,089312
24,890000	0,087400
24,900000	0,086763
24,910000	0,086763
24,920000	0,087400
24,930000	0,087400
24,940000	0,086763
24,950000	0,086763
24,960000	0,084851
24,970000	0,089312
24,980000	0,081664
24,990000	0,086763
25,000000	0,081027
25,010000	0,085488
25,020000	0,082301
25,030000	0,083576
25,040000	0,081027
25,050000	0,086763
25,060000	0,081027
25,070000	0,084213
25,080000	0,081664
25,090000	0,084213
25,100000	0,083576
25,110000	0,082939
25,120000	0,083576
25,130000	0,084213
25,140000	0,084213
25,150000	0,087400
25,160000	0,087400
25,170000	0,088675
25,180000	0,087400
25,190000	0,090587
25,200000	0,088038
25,210000	0,094411
25,220000	0,090587
25,230000	0,094411
25,240000	0,095049
25,250000	0,097598
25,260000	0,094411
25,270000	0,096961
25,280000	0,100148
25,290000	0,103334
25,300000	0,104609
25,310000	0,102697
25,320000	0,107796
25,330000	0,112258
25,340000	0,113532
25,350000	0,119906
25,360000	0,119906
25,370000	0,123730
25,380000	0,127554
25,390000	0,129466
25,400000	0,132653
25,410000	0,138390
25,420000	0,140302
25,430000	0,147313
25,440000	0,149862
25,450000	0,147313
25,460000	0,153049
25,470000	0,158148
25,480000	0,158785
25,490000	0,157511
25,500000	0,156236
25,510000	0,160697
25,520000	0,167708
25,530000	0,168983
25,540000	0,161972
25,550000	0,168983
25,560000	0,165159
25,570000	0,172170
25,580000	0,167708
25,590000	0,169620
25,600000	0,165796
25,610000	0,170895
25,620000	0,169620
25,630000	0,172170
25,640000	0,170895
25,650000	0,164522
25,660000	0,165159
25,670000	0,163247
25,680000	0,154961
25,690000	0,156236
25,700000	0,147950
25,710000	0,146038
25,720000	0,140302
25,730000	0,137752
25,740000	0,133291
25,750000	0,134565
25,760000	0,126280
25,770000	0,126280
25,780000	0,122455
25,790000	0,117994
25,800000	0,119269
25,810000	0,114807
25,820000	0,112258
25,830000	0,108433
25,840000	0,109708
25,850000	0,104609
25,860000	0,104609
25,870000	0,104609
25,880000	0,100785
25,890000	0,102697
25,900000	0,102060
25,910000	0,096961
25,920000	0,100785
25,930000	0,095686
25,940000	0,095686
25,950000	0,096323
25,960000	0,091862
25,970000	0,093137
25,980000	0,093137
25,990000	0,089950
26,000000	0,089950
26,010000	0,090587
26,020000	0,088038
26,030000	0,087400
26,040000	0,084213
26,050000	0,086763
26,060000	0,088675
26,070000	0,084213
26,080000	0,086763
26,090000	0,088038
26,100000	0,083576
26,110000	0,088038
26,120000	0,084851
26,130000	0,082939
26,140000	0,084213
26,150000	0,087400
26,160000	0,085488
26,170000	0,083576
26,180000	0,083576
26,190000	0,084213
26,200000	0,087400
26,210000	0,082301
26,220000	0,082939
26,230000	0,084851
26,240000	0,083576
26,250000	0,083576
26,260000	0,080389
26,270000	0,084213
26,280000	0,081664
26,290000	0,082301
26,300000	0,081664
26,310000	0,085488
26,320000	0,082301
26,330000	0,081664
26,340000	0,084213
26,350000	0,083576
26,360000	0,084851
26,370000	0,083576
26,380000	0,087400
26,390000	0,084213
26,400000	0,086763
26,410000	0,082939
26,420000	0,087400
26,430000	0,086763
26,440000	0,091224
26,450000	0,088675
26,460000	0,094411
26,470000	0,091862
26,480000	0,088675
26,490000	0,091862
26,500000	0,096961
26,510000	0,096961
26,520000	0,102697
26,530000	0,100785
26,540000	0,102060
26,550000	0,102060
26,560000	0,105884
26,570000	0,110345
26,580000	0,107159
26,590000	0,117356
26,600000	0,109071
26,610000	0,120543
26,620000	0,118631
26,630000	0,129466
26,640000	0,130741
26,650000	0,132653
26,660000	0,135203
26,670000	0,139664
26,680000	0,148587
26,690000	0,143488
26,700000	0,156236
26,710000	0,148587
26,720000	0,154961
26,730000	0,153686
26,740000	0,160060
26,750000	0,162609
26,760000	0,162609
26,770000	0,168346
26,780000	0,159423
26,790000	0,170895
26,800000	0,172170
26,810000	0,173445
26,820000	0,183643
26,830000	0,172170
26,840000	0,179181
26,850000	0,171533
26,860000	0,138390
26,870000	0,173445
26,880000	0,149225
26,890000	0,167071
26,900000	0,154324
26,910000	0,153049
26,920000	0,133291
26,930000	0,154324
26,940000	0,135203
26,950000	0,156236
26,960000	0,142851
26,970000	0,161335
26,980000	0,130104
26,990000	0,155598
27,000000	0,143488
27,010000	0,145401
27,020000	0,143488
27,030000	0,132016
27,040000	0,130741
27,050000	0,123730
27,060000	0,121181
27,070000	0,117994
27,080000	0,114807
27,090000	0,109071
27,100000	0,110983
27,110000	0,106521
27,120000	0,101422
27,130000	0,103972
27,140000	0,097598
27,150000	0,099510
27,160000	0,100785
27,170000	0,098235
27,180000	0,096961
27,190000	0,093774
27,200000	0,091224
27,210000	0,091224
27,220000	0,091862
27,230000	0,088038
27,240000	0,088675
27,250000	0,090587
27,260000	0,088675
27,270000	0,091224
27,280000	0,086763
27,290000	0,087400
27,300000	0,084851
27,310000	0,086126
27,320000	0,084213
27,330000	0,088038
27,340000	0,082939
27,350000	0,091862
27,360000	0,085488
27,370000	0,089312
27,380000	0,087400
27,390000	0,087400
27,400000	0,084213
27,410000	0,087400
27,420000	0,089950
27,430000	0,084213
27,440000	0,081664
27,450000	0,089312
27,460000	0,080389
27,470000	0,082301
27,480000	0,079114
27,490000	0,079752
27,500000	0,081664
27,510000	0,080389
27,520000	0,082939
27,530000	0,091862
27,540000	0,084213
27,550000	0,103972
27,560000	0,084213
27,570000	0,100785
27,580000	0,092499
27,590000	0,101422
27,600000	0,091862
27,610000	0,091862
27,620000	0,083576
27,630000	0,088675
27,640000	0,079114
27,650000	0,082301
27,660000	0,075928
27,670000	0,074016
27,680000	0,082939
27,690000	0,078477
27,700000	0,087400
27,710000	0,089312
27,720000	0,095686
27,730000	0,091224
27,740000	0,094411
27,750000	0,094411
27,760000	0,098873
27,770000	0,096961
27,780000	0,096961
27,790000	0,096961
27,800000	0,096323
27,810000	0,095049
27,820000	0,102060
27,830000	0,098235
27,840000	0,104609
27,850000	0,105246
27,860000	0,114807
27,870000	0,117356
27,880000	0,119269
27,890000	0,132653
27,900000	0,116082
27,910000	0,132653
27,920000	0,125642
27,930000	0,132016
27,940000	0,133291
27,950000	0,128829
27,960000	0,139664
27,970000	0,148587
27,980000	0,151774
27,990000	0,147950
28,000000	0,147950
28,010000	0,150499
28,020000	0,170258
28,030000	0,164522
28,040000	0,177269
28,050000	0,154961
28,060000	0,165796
28,070000	0,157511
28,080000	0,154324
28,090000	0,173445
28,100000	0,158148
28,110000	0,145401
28,120000	0,163247
28,130000	0,151774
28,140000	0,162609
28,150000	0,186192
28,160000	0,170258
28,170000	0,175994
28,180000	0,165159
28,190000	0,180456
28,200000	0,211049
28,210000	0,184917
28,220000	0,135203
28,230000	0,172807
28,240000	0,122455
28,250000	0,186192
28,260000	0,112258
28,270000	0,184917
28,280000	0,157511
28,290000	0,169620
28,300000	0,193203
28,310000	0,182368
28,320000	0,191928
28,330000	0,276698
28,340000	0,178544
28,350000	0,224434
28,360000	0,197027
28,370000	0,226983
28,380000	0,197665
28,390000	0,178544
28,400000	0,146038
28,410000	0,206588
28,420000	0,138390
28,430000	0,211049
28,440000	0,175357
28,450000	0,231445
28,460000	0,171533
28,470000	0,200851
28,480000	0,170258
28,490000	0,161972
28,500000	0,146675
28,510000	0,174082
28,520000	0,168346
28,530000	0,187467
28,540000	0,178544
28,550000	0,189379
28,560000	0,183643
28,570000	0,195752
28,580000	0,183643
28,590000	0,209137
28,600000	0,192566
28,610000	0,200214
28,620000	0,186829
28,630000	0,190016
28,640000	0,178544
28,650000	0,183643
28,660000	0,170258
28,670000	0,193203
28,680000	0,178544
28,690000	0,179818
28,700000	0,214873
28,710000	0,195752
28,720000	0,195752
28,730000	0,189379
28,740000	0,200214
28,750000	0,208500
28,760000	0,200214
28,770000	0,158785
28,780000	0,193203
28,790000	0,171533
28,800000	0,179181
28,810000	0,191291
28,820000	0,169620
28,830000	0,187467
28,840000	0,234632
28,850000	0,189379
28,860000	0,238456
28,870000	0,184280
28,880000	0,240368
28,890000	0,198302
28,900000	0,212961
28,910000	0,226346
28,920000	0,181093
28,930000	0,203401
28,940000	0,199577
28,950000	0,107159
28,960000	0,177906
28,970000	0,178544
28,980000	0,192566
28,990000	0,122455
29,000000	0,199577
29,010000	0,200214
29,020000	0,198939
29,030000	0,204038
29,040000	0,202126
29,050000	0,202126
29,060000	0,209137
29,070000	0,211687
29,080000	0,214873
29,090000	0,168983
29,100000	0,205313
29,110000	0,193203
29,120000	0,179181
29,130000	0,196390
29,140000	0,156873
29,150000	0,203401
29,160000	0,190654
29,170000	0,192566
29,180000	0,197665
29,190000	0,195115
29,200000	0,191291
29,210000	0,210412
29,220000	0,191291
29,230000	0,205313
29,240000	0,193840
29,250000	0,200851
29,260000	0,187467
29,270000	0,198302
29,280000	0,196390
29,290000	0,206588
29,300000	0,203401
29,310000	0,219335
29,320000	0,190016
29,330000	0,202126
29,340000	0,189379
29,350000	0,203401
29,360000	0,199577
29,370000	0,195115
29,380000	0,178544
29,390000	0,190016
29,400000	0,180456
29,410000	0,203401
29,420000	0,191291
29,430000	0,197665
29,440000	0,198939
29,450000	0,193840
29,460000	0,195115
29,470000	0,204038
29,480000	0,190654
29,490000	0,177906
29,500000	0,195752
29,510000	0,147950
29,520000	0,177906
29,530000	0,184280
29,540000	0,190016
29,550000	0,209137
29,560000	0,204038
29,570000	0,197027
29,580000	0,219335
29,590000	0,209775
29,600000	0,239731
29,610000	0,190016
29,620000	0,229533
29,630000	0,189379
29,640000	0,170895
29,650000	0,188741
29,660000	0,182368
29,670000	0,184917
29,680000	0,165796
29,690000	0,112258
29,700000	0,151774
29,710000	0,200214
29,720000	0,174082
29,730000	0,203401
29,740000	0,181093
29,750000	0,178544
29,760000	0,160060
29,770000	0,155598
29,780000	0,228258
29,790000	0,198939
29,800000	0,214236
29,810000	0,215511
29,820000	0,196390
29,830000	0,199577
29,840000	0,198939
29,850000	0,203401
29,860000	0,209137
29,870000	0,219335
29,880000	0,204038
29,890000	0,190016
29,900000	0,184280
29,910000	0,197027
29,920000	0,183643
29,930000	0,187467
29,940000	0,183005
29,950000	0,168346
29,960000	0,185555
29,970000	0,174082
29,980000	0,191291
29,990000	0,197027
30,000000	0,193840
30,010000	0,201489
30,020000	0,191291
30,030000	0,204038
30,040000	0,185555
30,050000	0,188104
30,060000	0,198939
30,070000	0,179181
30,080000	0,183643
30,090000	0,191928
30,100000	0,168346
30,110000	0,181093
30,120000	0,175994
30,130000	0,200851
30,140000	0,183643
30,150000	0,229533
30,160000	0,196390
30,170000	0,227621
30,180000	0,183005
30,190000	0,184917
30,200000	0,193840
30,210000	0,151774
30,220000	0,187467
30,230000	0,197665
30,240000	0,193840
30,250000	0,189379
30,260000	0,162609
30,270000	0,198302
30,280000	0,260126
30,290000	0,202763
30,300000	0,244830
30,310000	0,211687
30,320000	0,200214
30,330000	0,244192
30,340000	0,188104
30,350000	0,181730
30,360000	0,201489
30,370000	0,157511
30,380000	0,211687
30,390000	0,159423
30,400000	0,192566
30,410000	0,169620
30,420000	0,187467
30,430000	0,204676
30,440000	0,167071
30,450000	0,228896
30,460000	0,193203
30,470000	0,210412
30,480000	0,197665
30,490000	0,198302
30,500000	0,177906
30,510000	0,186829
30,520000	0,178544
30,530000	0,201489
30,540000	0,207862
30,550000	0,172807
30,560000	0,206588
30,570000	0,195752
30,580000	0,190016
30,590000	0,167071
30,600000	0,200214
30,610000	0,192566
30,620000	0,190016
30,630000	0,195752
30,640000	0,184280
30,650000	0,164522
30,660000	0,193203
30,670000	0,181730
30,680000	0,195115
30,690000	0,181093
30,700000	0,197027
30,710000	0,188741
30,720000	0,202126
30,730000	0,188104
30,740000	0,206588
30,750000	0,184917
30,760000	0,177906
30,770000	0,188104
30,780000	0,172170
30,790000	0,193203
30,800000	0,178544
30,810000	0,198302
30,820000	0,201489
30,830000	0,194478
30,840000	0,201489
30,850000	0,234632
30,860000	0,202763
30,870000	0,188104
30,880000	0,195752
30,890000	0,206588
30,900000	0,193203
30,910000	0,185555
30,920000	0,187467
30,930000	0,192566
30,940000	0,163884
30,950000	0,198939
30,960000	0,221247
30,970000	0,204038
30,980000	0,256940
30,990000	0,221884
31,000000	0,267137
31,010000	0,207225
31,020000	0,224434
31,030000	0,202126
31,040000	0,202126
31,050000	0,214873
31,060000	0,186829
31,070000	0,154961
31,080000	0,195752
31,090000	0,160060
31,100000	0,212961
31,110000	0,168346
31,120000	0,202763
31,130000	0,183643
31,140000	0,190654
31,150000	0,195115
31,160000	0,196390
31,170000	0,192566
31,180000	0,203401
31,190000	0,193203
31,200000	0,199577
31,210000	0,185555
31,220000	0,202763
31,230000	0,196390
31,240000	0,194478
31,250000	0,211049
31,260000	0,198939
31,270000	0,210412
31,280000	0,204038
31,290000	0,206588
31,300000	0,202126
31,310000	0,202126
31,320000	0,204038
31,330000	0,199577
31,340000	0,197665
31,350000	0,197027
31,360000	0,197027
31,370000	0,193203
31,380000	0,200851
31,390000	0,202126
31,400000	0,206588
31,410000	0,204038
31,420000	0,202763
31,430000	0,199577
31,440000	0,207225
31,450000	0,196390
31,460000	0,198302
31,470000	0,202763
31,480000	0,188741
31,490000	0,198302
31,500000	0,200214
31,510000	0,198939
31,520000	0,192566
31,530000	0,195115
31,540000	0,209775
31,550000	0,188741
31,560000	0,204038
31,570000	0,197665
31,580000	0,200851
31,590000	0,176631
31,600000	0,197665
31,610000	0,183643
31,620000	0,193203
31,630000	0,182368
31,640000	0,181093
31,650000	0,190016
31,660000	0,197665
31,670000	0,190016
31,680000	0,206588
31,690000	0,187467
31,700000	0,200214
31,710000	0,190016
31,720000	0,208500
31,730000	0,198939
31,740000	0,201489
31,750000	0,209775
31,760000	0,207225
31,770000	0,201489
31,780000	0,206588
31,790000	0,214236
31,800000	0,202763
31,810000	0,197027
31,820000	0,195752
31,830000	0,192566
31,840000	0,196390
31,850000	0,188741
31,860000	0,193203
31,870000	0,191291
31,880000	0,190654
31,890000	0,198939
31,900000	0,207225
31,910000	0,192566
31,920000	0,209775
31,930000	0,200851
31,940000	0,204676
31,950000	0,206588
31,960000	0,198302
31,970000	0,197027
31,980000	0,200851
31,990000	0,202763
32,000000	0,198939
32,010000	0,195752
32,020000	0,200214
32,030000	0,210412
32,040000	0,195752
32,050000	0,207225
32,060000	0,201489
32,070000	0,205950
32,080000	0,191291
32,090000	0,204676
32,100000	0,181730
32,110000	0,198939
32,120000	0,183005
32,130000	0,202763
32,140000	0,212961
32,150000	0,204676
32,160000	0,209137
32,170000	0,205950
32,180000	0,198939
32,190000	0,197027
32,200000	0,220610
32,210000	0,193203
32,220000	0,195115
32,230000	0,170895
32,240000	0,194478
32,250000	0,188104
32,260000	0,193203
32,270000	0,181093
32,280000	0,184917
32,290000	0,184917
32,300000	0,204676
32,310000	0,184280
32,320000	0,206588
32,330000	0,190016
32,340000	0,214236
32,350000	0,196390
32,360000	0,194478
32,370000	0,212961
32,380000	0,204038
32,390000	0,205950
32,400000	0,199577
32,410000	0,202763
32,420000	0,181093
32,430000	0,207225
32,440000	0,198939
32,450000	0,200851
32,460000	0,195752
32,470000	0,195115
32,480000	0,198939
32,490000	0,204676
32,500000	0,195752
32,510000	0,195115
32,520000	0,198939
32,530000	0,200851
32,540000	0,220610
32,550000	0,198302
32,560000	0,197027
32,570000	0,193840
32,580000	0,200214
32,590000	0,210412
32,600000	0,202763
32,610000	0,193840
32,620000	0,200851
32,630000	0,193203
32,640000	0,199577
32,650000	0,197665
32,660000	0,204038
32,670000	0,198939
32,680000	0,207225
32,690000	0,199577
32,700000	0,205313
32,710000	0,199577
32,720000	0,208500
32,730000	0,200214
32,740000	0,200851
32,750000	0,200214
32,760000	0,204038
32,770000	0,195752
32,780000	0,203401
32,790000	0,196390
32,800000	0,186192
32,810000	0,201489
32,820000	0,204038
32,830000	0,206588
32,840000	0,198939
32,850000	0,204038
32,860000	0,206588
32,870000	0,202763
32,880000	0,201489
32,890000	0,202763
32,900000	0,208500
32,910000	0,198939
32,920000	0,197665
32,930000	0,198302
32,940000	0,198302
32,950000	0,192566
32,960000	0,201489
32,970000	0,202126
32,980000	0,198939
32,990000	0,198302
