LabVIEW Measurement	
Writer_Version	2
Reader_Version	2
Separator	Tab
Decimal_Separator	,
Multi_Headings	No
X_Columns	One
Time_Pref	Absolute
Operator	lpdan
Date	2026/05/05
Time	11:13:39,9962968833528597088
***End_of_Header***	
	
Channels	1	
Samples	100	
Date	2026/05/05	
Time	11:13:39,9962968833528597088	
Y_Unit_Label	Volts	
X_Dimension	Time	
X0	0,0000000000000000E+0	
Delta_X	0,010000	
***End_of_Header***		
X_Value	Voltage	Comment
0,000000	0,289445
0,010000	0,297731
0,020000	0,289445
0,030000	0,291357
0,040000	0,284346
0,050000	0,286258
0,060000	0,294544
0,070000	0,290083
0,080000	0,288808
0,090000	0,290083
0,100000	0,284984
0,110000	0,282434
0,120000	0,285621
0,130000	0,300918
0,140000	0,282434
0,150000	0,300281
0,160000	0,283709
0,170000	0,291357
0,180000	0,279247
0,190000	0,286896
0,200000	0,285621
0,210000	0,291357
0,220000	0,283072
0,230000	0,296456
0,240000	0,290083
0,250000	0,262039
0,260000	0,284984
0,270000	0,292632
0,280000	0,282434
0,290000	0,286896
0,300000	0,284346
0,310000	0,282434
0,320000	0,284346
0,330000	0,290720
0,340000	0,286258
0,350000	0,286896
0,360000	0,291357
0,370000	0,290720
0,380000	0,284346
0,390000	0,290083
0,400000	0,282434
0,410000	0,283709
0,420000	0,288171
0,430000	0,285621
0,440000	0,287533
0,450000	0,293269
0,460000	0,283709
0,470000	0,287533
0,480000	0,283072
0,490000	0,283072
0,500000	0,283709
0,510000	0,288171
0,520000	0,284346
0,530000	0,289445
0,540000	0,285621
0,550000	0,288808
0,560000	0,286258
0,570000	0,285621
0,580000	0,272874
0,590000	0,282434
0,600000	0,280522
0,610000	0,283072
0,620000	0,284346
0,630000	0,291357
0,640000	0,283072
0,650000	0,292632
0,660000	0,285621
0,670000	0,293269
0,680000	0,286896
0,690000	0,286896
0,700000	0,284346
0,710000	0,284984
0,720000	0,288171
0,730000	0,289445
0,740000	0,285621
0,750000	0,285621
0,760000	0,286258
0,770000	0,286896
0,780000	0,284346
0,790000	0,282434
0,800000	0,295819
0,810000	0,288808
0,820000	0,288808
0,830000	0,283072
0,840000	0,291995
0,850000	0,293269
0,860000	0,290083
0,870000	0,281160
0,880000	0,292632
0,890000	0,280522
0,900000	0,291995
0,910000	0,280522
0,920000	0,288171
0,930000	0,284984
0,940000	0,295819
0,950000	0,279885
0,960000	0,295182
0,970000	0,279885
0,980000	0,295182
0,990000	0,280522
1,000000	0,290720
1,010000	0,287533
1,020000	0,285621
1,030000	0,291357
1,040000	0,288171
1,050000	0,295819
1,060000	0,289445
1,070000	0,293269
1,080000	0,282434
1,090000	0,290720
1,100000	0,286896
1,110000	0,286896
1,120000	0,291995
1,130000	0,291357
1,140000	0,293269
1,150000	0,288808
1,160000	0,290720
1,170000	0,285621
1,180000	0,295182
1,190000	0,285621
1,200000	0,288171
1,210000	0,284346
1,220000	0,290083
1,230000	0,286896
1,240000	0,297094
1,250000	0,290083
1,260000	0,291995
1,270000	0,299006
1,280000	0,288171
1,290000	0,293269
1,300000	0,287533
1,310000	0,288808
1,320000	0,288171
1,330000	0,297094
1,340000	0,295819
1,350000	0,297731
1,360000	0,290720
1,370000	0,288171
1,380000	0,297094
1,390000	0,290720
1,400000	0,295182
1,410000	0,291357
1,420000	0,292632
1,430000	0,292632
1,440000	0,291357
1,450000	0,292632
1,460000	0,295182
1,470000	0,293269
1,480000	0,290720
1,490000	0,283072
1,500000	0,290083
1,510000	0,291357
1,520000	0,284984
1,530000	0,296456
1,540000	0,289445
1,550000	0,294544
1,560000	0,288808
1,570000	0,292632
1,580000	0,288808
1,590000	0,296456
1,600000	0,290083
1,610000	0,290720
1,620000	0,291995
1,630000	0,291357
1,640000	0,290720
1,650000	0,290083
1,660000	0,288171
1,670000	0,297094
1,680000	0,292632
1,690000	0,291357
1,700000	0,294544
1,710000	0,297731
1,720000	0,289445
1,730000	0,297094
1,740000	0,295819
1,750000	0,296456
1,760000	0,283709
1,770000	0,301555
1,780000	0,287533
1,790000	0,299006
1,800000	0,286896
1,810000	0,294544
1,820000	0,284984
1,830000	0,300281
1,840000	0,287533
1,850000	0,293269
1,860000	0,285621
1,870000	0,293269
1,880000	0,288171
1,890000	0,293269
1,900000	0,282434
1,910000	0,295819
1,920000	0,288171
1,930000	0,292632
1,940000	0,290720
1,950000	0,296456
1,960000	0,288171
1,970000	0,293269
1,980000	0,292632
1,990000	0,287533
2,000000	0,292632
2,010000	0,294544
2,020000	0,288171
2,030000	0,290083
2,040000	0,290720
2,050000	0,283709
2,060000	0,289445
2,070000	0,284984
2,080000	0,288808
2,090000	0,296456
2,100000	0,280522
2,110000	0,288171
2,120000	0,284346
2,130000	0,293907
2,140000	0,286896
2,150000	0,293907
2,160000	0,289445
2,170000	0,297731
2,180000	0,283072
2,190000	0,285621
2,200000	0,288171
2,210000	0,297094
2,220000	0,282434
2,230000	0,292632
2,240000	0,282434
2,250000	0,294544
2,260000	0,288171
2,270000	0,288808
2,280000	0,287533
2,290000	0,295182
2,300000	0,284984
2,310000	0,293907
2,320000	0,286258
2,330000	0,294544
2,340000	0,286258
2,350000	0,285621
2,360000	0,285621
2,370000	0,290720
2,380000	0,286258
2,390000	0,287533
2,400000	0,288171
2,410000	0,282434
2,420000	0,291995
2,430000	0,283072
2,440000	0,284984
2,450000	0,294544
2,460000	0,289445
2,470000	0,286258
2,480000	0,295182
2,490000	0,279885
2,500000	0,292632
2,510000	0,286258
2,520000	0,288171
2,530000	0,283709
2,540000	0,275423
2,550000	0,283709
2,560000	0,284984
2,570000	0,285621
2,580000	0,285621
2,590000	0,287533
2,600000	0,283072
2,610000	0,294544
2,620000	0,284346
2,630000	0,281160
2,640000	0,284984
2,650000	0,295182
2,660000	0,284346
2,670000	0,283072
2,680000	0,281797
2,690000	0,277335
2,700000	0,286896
2,710000	0,289445
2,720000	0,283709
2,730000	0,285621
2,740000	0,288171
2,750000	0,290720
2,760000	0,287533
2,770000	0,288171
2,780000	0,291995
2,790000	0,281160
2,800000	0,296456
2,810000	0,284984
2,820000	0,295819
2,830000	0,280522
2,840000	0,293907
2,850000	0,276698
2,860000	0,287533
2,870000	0,278610
2,880000	0,284984
2,890000	0,284346
2,900000	0,296456
2,910000	0,279247
2,920000	0,293269
2,930000	0,279247
2,940000	0,293269
2,950000	0,290720
2,960000	0,292632
2,970000	0,281797
2,980000	0,287533
2,990000	0,289445
3,000000	0,288808
3,010000	0,281797
3,020000	0,283072
3,030000	0,289445
3,040000	0,289445
3,050000	0,286258
3,060000	0,291995
3,070000	0,287533
3,080000	0,291357
3,090000	0,286258
3,100000	0,292632
3,110000	0,281160
3,120000	0,287533
3,130000	0,283072
3,140000	0,292632
3,150000	0,284346
3,160000	0,290720
3,170000	0,290720
3,180000	0,284346
3,190000	0,288808
3,200000	0,289445
3,210000	0,291357
3,220000	0,286896
3,230000	0,287533
3,240000	0,289445
3,250000	0,288171
3,260000	0,290720
3,270000	0,295819
3,280000	0,292632
3,290000	0,299643
3,300000	0,290720
3,310000	0,290720
3,320000	0,290083
3,330000	0,300918
3,340000	0,288171
3,350000	0,286896
3,360000	0,288171
3,370000	0,297731
3,380000	0,286258
3,390000	0,298368
3,400000	0,292632
3,410000	0,290720
3,420000	0,299643
3,430000	0,294544
3,440000	0,288808
3,450000	0,295182
3,460000	0,287533
3,470000	0,295182
3,480000	0,288808
3,490000	0,291995
3,500000	0,286258
3,510000	0,287533
3,520000	0,289445
3,530000	0,289445
3,540000	0,284346
3,550000	0,292632
3,560000	0,288808
3,570000	0,291995
3,580000	0,296456
3,590000	0,288808
3,600000	0,282434
3,610000	0,293907
3,620000	0,295819
3,630000	0,290083
3,640000	0,295819
3,650000	0,290720
3,660000	0,294544
3,670000	0,297094
3,680000	0,294544
3,690000	0,283709
3,700000	0,296456
3,710000	0,293907
3,720000	0,288171
3,730000	0,290720
3,740000	0,285621
3,750000	0,291357
3,760000	0,289445
3,770000	0,288171
3,780000	0,292632
3,790000	0,292632
3,800000	0,290720
3,810000	0,291357
3,820000	0,287533
3,830000	0,284346
3,840000	0,299006
3,850000	0,288171
3,860000	0,302193
3,870000	0,284984
3,880000	0,288171
3,890000	0,298368
3,900000	0,295182
3,910000	0,293269
3,920000	0,291995
3,930000	0,295182
3,940000	0,287533
3,950000	0,289445
3,960000	0,288808
3,970000	0,287533
3,980000	0,280522
3,990000	0,297094
4,000000	0,287533
4,010000	0,290720
4,020000	0,288171
4,030000	0,287533
4,040000	0,286896
4,050000	0,290720
4,060000	0,289445
4,070000	0,287533
4,080000	0,287533
4,090000	0,291357
4,100000	0,289445
4,110000	0,284346
4,120000	0,290083
4,130000	0,284984
4,140000	0,293269
4,150000	0,290720
4,160000	0,285621
4,170000	0,291995
4,180000	0,290083
4,190000	0,292632
4,200000	0,282434
4,210000	0,289445
4,220000	0,289445
4,230000	0,288808
4,240000	0,288171
4,250000	0,293269
4,260000	0,285621
4,270000	0,284346
4,280000	0,280522
4,290000	0,284346
4,300000	0,298368
4,310000	0,289445
4,320000	0,283072
4,330000	0,288171
4,340000	0,286896
4,350000	0,285621
4,360000	0,276061
4,370000	0,276698
4,380000	0,292632
4,390000	0,286896
4,400000	0,288171
4,410000	0,295182
4,420000	0,292632
4,430000	0,296456
4,440000	0,297094
4,450000	0,286258
4,460000	0,290720
4,470000	0,286896
4,480000	0,289445
4,490000	0,288171
4,500000	0,298368
4,510000	0,283072
4,520000	0,294544
4,530000	0,286896
4,540000	0,283072
4,550000	0,290720
4,560000	0,279885
4,570000	0,289445
4,580000	0,283072
4,590000	0,292632
4,600000	0,280522
4,610000	0,282434
4,620000	0,283709
4,630000	0,290720
4,640000	0,284984
4,650000	0,293269
4,660000	0,283072
4,670000	0,290720
4,680000	0,289445
4,690000	0,287533
4,700000	0,286896
4,710000	0,287533
4,720000	0,293269
4,730000	0,281160
4,740000	0,291995
4,750000	0,288171
4,760000	0,284984
4,770000	0,287533
4,780000	0,293907
4,790000	0,288808
4,800000	0,291995
4,810000	0,286258
4,820000	0,284984
4,830000	0,286896
4,840000	0,290720
4,850000	0,285621
4,860000	0,275423
4,870000	0,274148
4,880000	0,288171
4,890000	0,320676
4,900000	0,284346
4,910000	0,323863
4,920000	0,293907
4,930000	0,302193
4,940000	0,278610
4,950000	0,287533
4,960000	0,271599
4,970000	0,283709
4,980000	0,286896
4,990000	0,288171
5,000000	0,263313
5,010000	0,287533
5,020000	0,279247
5,030000	0,284984
5,040000	0,286896
5,050000	0,387600
5,060000	0,284984
5,070000	0,279247
5,080000	0,282434
5,090000	0,281160
5,100000	0,256940
5,110000	0,274148
5,120000	0,270324
5,130000	0,290720
5,140000	0,281160
5,150000	0,284984
5,160000	0,286896
5,170000	0,287533
5,180000	0,272874
5,190000	0,293269
5,200000	0,290720
5,210000	0,291357
5,220000	0,284346
5,230000	0,281160
5,240000	0,283072
5,250000	0,293269
5,260000	0,285621
5,270000	0,288808
5,280000	0,288171
5,290000	0,287533
5,300000	0,293907
5,310000	0,284346
5,320000	0,294544
5,330000	0,302830
5,340000	0,281797
5,350000	0,285621
5,360000	0,299006
5,370000	0,286258
5,380000	0,273511
5,390000	0,298368
5,400000	0,295182
5,410000	0,302193
5,420000	0,280522
5,430000	0,291357
5,440000	0,303467
5,450000	0,276061
5,460000	0,270962
5,470000	0,297731
5,480000	0,288808
5,490000	0,311753
5,500000	0,306654
5,510000	0,269050
5,520000	0,315577
5,530000	0,299006
5,540000	0,277335
5,550000	0,307929
5,560000	0,296456
5,570000	0,279247
5,580000	0,308566
5,590000	0,285621
5,600000	0,305379
5,610000	0,274148
5,620000	0,280522
5,630000	0,262676
5,640000	0,286896
5,650000	0,279885
5,660000	0,274148
5,670000	0,260126
5,680000	0,309204
5,690000	0,283709
5,700000	0,330874
5,710000	0,284984
5,720000	0,334698
5,730000	0,274786
5,740000	0,284346
5,750000	0,294544
5,760000	0,281160
5,770000	0,239731
5,780000	0,285621
5,790000	0,237819
5,800000	0,285621
5,810000	0,299643
5,820000	0,324500
5,830000	0,290083
5,840000	0,346171
5,850000	0,292632
5,860000	0,313665
5,870000	0,306017
5,880000	0,290083
5,890000	0,216786
5,900000	0,290720
5,910000	0,186829
5,920000	0,292632
5,930000	0,288171
5,940000	0,285621
5,950000	0,293269
5,960000	0,295182
5,970000	0,287533
5,980000	0,328962
5,990000	0,296456
6,000000	0,293269
6,010000	0,289445
6,020000	0,300281
6,030000	0,320676
6,040000	0,298368
6,050000	0,298368
6,060000	0,291357
6,070000	0,297731
6,080000	0,297094
6,090000	0,302830
6,100000	0,280522
6,110000	0,311116
6,120000	0,289445
6,130000	0,288171
6,140000	0,284346
6,150000	0,301555
6,160000	0,283709
6,170000	0,306017
6,180000	0,297094
6,190000	0,300918
6,200000	0,308566
6,210000	0,289445
6,220000	0,272236
6,230000	0,286258
6,240000	0,274786
6,250000	0,297731
6,260000	0,290083
6,270000	0,297731
6,280000	0,306654
6,290000	0,320676
6,300000	0,259489
6,310000	0,336610
6,320000	0,320039
6,330000	0,307292
6,340000	0,286258
6,350000	0,302830
6,360000	0,310478
6,370000	0,303467
6,380000	0,249291
6,390000	0,267775
6,400000	0,250566
6,410000	0,235269
6,420000	0,225709
6,430000	0,242280
6,440000	0,226346
6,450000	0,221247
6,460000	0,265225
6,470000	0,303467
6,480000	0,277335
6,490000	0,273511
6,500000	0,311753
6,510000	0,267775
6,520000	0,309841
6,530000	0,316852
6,540000	0,279885
6,550000	0,296456
6,560000	0,275423
6,570000	0,290720
6,580000	0,249291
6,590000	0,293269
6,600000	0,328962
6,610000	0,311116
6,620000	0,286258
6,630000	0,326413
6,640000	0,295182
6,650000	0,346171
6,660000	0,286896
6,670000	0,311116
6,680000	0,291357
6,690000	0,290083
6,700000	0,293269
6,710000	0,286896
6,720000	0,223797
6,730000	0,287533
6,740000	0,278610
6,750000	0,277335
6,760000	0,295182
6,770000	0,308566
6,780000	0,283072
6,790000	0,388237
6,800000	0,289445
6,810000	0,276061
6,820000	0,325775
6,830000	0,276061
6,840000	0,305379
6,850000	0,270324
6,860000	0,252478
6,870000	0,276698
6,880000	0,276061
6,890000	0,280522
6,900000	0,286896
6,910000	0,196390
6,920000	0,279247
6,930000	0,261401
6,940000	0,269687
6,950000	0,279247
6,960000	0,276061
6,970000	0,263951
6,980000	0,274148
6,990000	0,264588
7,000000	0,287533
7,010000	0,270324
7,020000	0,291995
7,030000	0,281797
7,040000	0,289445
7,050000	0,267137
7,060000	0,270324
7,070000	0,288171
7,080000	0,286896
7,090000	0,278610
7,100000	0,313665
7,110000	0,288808
7,120000	0,316852
7,130000	0,306654
7,140000	0,290083
7,150000	0,306017
7,160000	0,301555
7,170000	0,281160
7,180000	0,316215
7,190000	0,265863
7,200000	0,323863
7,210000	0,293269
7,220000	0,288808
7,230000	0,295182
7,240000	0,295819
7,250000	0,256940
7,260000	0,254390
7,270000	0,257577
7,280000	0,297731
7,290000	0,270962
7,300000	0,286258
7,310000	0,357643
7,320000	0,313665
7,330000	0,332786
7,340000	0,333424
7,350000	0,352545
7,360000	0,316852
7,370000	0,353819
7,380000	0,296456
7,390000	0,313028
7,400000	0,248654
7,410000	0,263951
7,420000	0,283072
7,430000	0,284984
7,440000	0,260126
7,450000	0,271599
7,460000	0,276698
7,470000	0,256940
7,480000	0,274786
7,490000	0,331511
7,500000	0,275423
7,510000	0,325775
7,520000	0,284346
7,530000	0,252478
7,540000	0,216786
7,550000	0,293269
7,560000	0,213599
7,570000	0,284984
7,580000	0,352545
7,590000	0,296456
7,600000	0,300918
7,610000	0,286258
7,620000	0,288171
7,630000	0,374215
7,640000	0,281797
7,650000	0,323863
7,660000	0,299643
7,670000	0,286896
7,680000	0,274786
7,690000	0,282434
7,700000	0,215511
7,710000	0,292632
7,720000	0,304742
7,730000	0,295819
7,740000	0,302830
7,750000	0,320039
7,760000	0,294544
7,770000	0,291995
7,780000	0,302830
7,790000	0,285621
7,800000	0,316215
7,810000	0,295819
7,820000	0,332149
7,830000	0,303467
7,840000	0,306654
7,850000	0,290083
7,860000	0,309841
7,870000	0,299643
7,880000	0,318127
7,890000	0,309204
7,900000	0,307929
7,910000	0,314303
7,920000	0,312390
7,930000	0,302193
7,940000	0,326413
7,950000	0,290083
7,960000	0,282434
7,970000	0,276698
7,980000	0,293269
7,990000	0,272874
8,000000	0,311116
8,010000	0,291995
8,020000	0,308566
8,030000	0,279885
8,040000	0,277335
8,050000	0,293907
8,060000	0,322588
8,070000	0,256302
8,080000	0,276698
8,090000	0,279247
8,100000	0,239093
8,110000	0,295819
8,120000	0,269050
8,130000	0,270324
8,140000	0,320676
8,150000	0,274786
8,160000	0,304105
8,170000	0,331511
8,180000	0,288808
8,190000	0,316215
8,200000	0,284346
8,210000	0,315577
8,220000	0,304105
8,230000	0,251841
8,240000	0,202763
8,250000	0,286896
8,260000	0,205950
8,270000	0,248016
8,280000	0,231445
8,290000	0,258852
8,300000	0,282434
8,310000	0,243555
8,320000	0,317489
8,330000	0,313665
8,340000	0,306654
8,350000	0,327687
8,360000	0,290083
8,370000	0,313028
8,380000	0,293269
8,390000	0,329599
8,400000	0,286896
8,410000	0,312390
8,420000	0,301555
8,430000	0,339160
8,440000	0,279885
8,450000	0,288808
8,460000	0,369116
8,470000	0,293907
8,480000	0,258214
8,490000	0,290083
8,500000	0,262676
8,510000	0,279885
8,520000	0,288171
8,530000	0,265863
8,540000	0,291357
8,550000	0,416918
8,560000	0,283709
8,570000	0,278610
8,580000	0,404809
8,590000	0,288171
8,600000	0,446875
8,610000	0,283072
8,620000	0,289445
8,630000	0,279885
8,640000	0,283072
8,650000	0,207862
8,660000	0,278610
8,670000	0,272874
8,680000	0,285621
8,690000	0,286896
8,700000	0,299006
8,710000	0,288808
8,720000	0,299006
8,730000	0,285621
8,740000	0,293907
8,750000	0,289445
8,760000	0,279885
8,770000	0,285621
8,780000	0,273511
8,790000	0,283072
8,800000	0,296456
8,810000	0,281797
8,820000	0,262676
8,830000	0,293269
8,840000	0,283709
8,850000	0,286896
8,860000	0,293907
8,870000	0,307929
8,880000	0,290720
8,890000	0,313028
8,900000	0,307292
8,910000	0,296456
8,920000	0,287533
8,930000	0,278610
8,940000	0,228896
8,950000	0,263313
8,960000	0,261401
8,970000	0,281797
8,980000	0,316852
8,990000	0,282434
9,000000	0,303467
9,010000	0,324500
9,020000	0,286896
9,030000	0,274786
9,040000	0,283709
9,050000	0,270962
9,060000	0,333424
9,070000	0,325775
9,080000	0,262676
9,090000	0,283072
9,100000	0,327687
9,110000	0,299643
9,120000	0,323226
9,130000	0,338522
9,140000	0,296456
9,150000	0,328325
9,160000	0,359556
9,170000	0,340435
9,180000	0,357643
9,190000	0,355731
9,200000	0,343621
9,210000	0,360193
9,220000	0,325138
9,230000	0,285621
9,240000	0,321314
9,250000	0,254390
9,260000	0,258852
9,270000	0,243555
9,280000	0,244830
9,290000	0,200851
9,300000	0,244830
9,310000	0,258852
9,320000	0,321314
9,330000	0,272236
9,340000	0,294544
9,350000	0,281160
9,360000	0,292632
9,370000	0,309841
9,380000	0,281797
9,390000	0,348720
9,400000	0,291357
9,410000	0,309841
9,420000	0,302830
9,430000	0,289445
9,440000	0,225071
9,450000	0,275423
9,460000	0,202763
9,470000	0,290083
9,480000	0,290083
9,490000	0,336610
9,500000	0,291995
9,510000	0,346808
9,520000	0,292632
9,530000	0,286896
9,540000	0,297731
9,550000	0,294544
9,560000	0,327050
9,570000	0,290083
9,580000	0,297094
9,590000	0,281160
9,600000	0,291995
9,610000	0,272874
9,620000	0,291995
9,630000	0,283072
9,640000	0,279885
9,650000	0,284984
9,660000	0,297731
9,670000	0,281160
9,680000	0,307929
9,690000	0,300918
9,700000	0,300281
9,710000	0,306654
9,720000	0,309841
9,730000	0,279247
9,740000	0,302830
9,750000	0,283709
9,760000	0,274786
9,770000	0,293269
9,780000	0,299006
9,790000	0,298368
9,800000	0,289445
9,810000	0,297731
9,820000	0,297731
9,830000	0,346808
9,840000	0,314940
9,850000	0,291357
9,860000	0,313665
9,870000	0,314940
9,880000	0,265225
9,890000	0,319401
9,900000	0,290720
9,910000	0,266500
9,920000	0,252478
9,930000	0,239731
9,940000	0,251841
9,950000	0,247379
9,960000	0,275423
9,970000	0,302830
9,980000	0,313665
9,990000	0,290083
10,000000	0,326413
10,010000	0,333424
10,020000	0,254390
10,030000	0,222522
10,040000	0,251841
10,050000	0,260764
10,060000	0,263951
10,070000	0,306017
10,080000	0,197665
10,090000	0,283072
10,100000	0,229533
10,110000	0,235907
10,120000	0,307292
10,130000	0,299643
10,140000	0,293907
10,150000	0,332149
10,160000	0,361468
10,170000	0,313028
10,180000	0,328962
10,190000	0,306017
10,200000	0,346808
10,210000	0,337885
10,220000	0,305379
10,230000	0,308566
10,240000	0,403534
10,250000	0,300281
10,260000	0,211049
10,270000	0,300918
10,280000	0,287533
10,290000	0,292632
10,300000	0,291995
10,310000	0,423930
10,320000	0,283072
10,330000	0,285621
10,340000	0,288171
10,350000	0,287533
10,360000	0,305379
10,370000	0,288171
10,380000	0,284346
10,390000	0,288171
10,400000	0,294544
10,410000	0,205950
10,420000	0,293269
10,430000	0,297094
10,440000	0,295182
10,450000	0,290720
10,460000	0,295819
10,470000	0,277335
10,480000	0,304742
10,490000	0,282434
10,500000	0,295182
10,510000	0,288808
10,520000	0,293269
10,530000	0,296456
10,540000	0,297731
10,550000	0,291357
10,560000	0,272874
10,570000	0,298368
10,580000	0,277335
10,590000	0,282434
10,600000	0,262039
10,610000	0,267137
10,620000	0,269050
10,630000	0,272874
10,640000	0,272874
10,650000	0,278610
10,660000	0,258852
10,670000	0,272874
10,680000	0,260126
10,690000	0,290083
10,700000	0,302830
10,710000	0,258852
10,720000	0,311116
10,730000	0,242918
10,740000	0,302830
10,750000	0,272874
10,760000	0,258852
10,770000	0,255665
10,780000	0,288171
10,790000	0,294544
10,800000	0,317489
10,810000	0,320039
10,820000	0,298368
10,830000	0,304742
10,840000	0,300918
10,850000	0,315577
10,860000	0,302830
10,870000	0,344259
10,880000	0,294544
10,890000	0,281160
10,900000	0,335336
10,910000	0,286896
10,920000	0,266500
10,930000	0,359556
10,940000	0,293269
10,950000	0,308566
10,960000	0,323863
10,970000	0,334698
10,980000	0,331511
10,990000	0,330874
11,000000	0,363380
11,010000	0,355731
11,020000	0,369116
11,030000	0,281797
11,040000	0,287533
11,050000	0,264588
11,060000	0,258852
11,070000	0,239093
11,080000	0,281797
11,090000	0,242280
11,100000	0,260126
11,110000	0,265225
11,120000	0,360830
11,130000	0,272874
11,140000	0,304105
11,150000	0,288171
11,160000	0,277973
11,170000	0,226346
11,180000	0,274786
11,190000	0,320039
11,200000	0,310478
11,210000	0,287533
11,220000	0,125005
11,230000	0,286258
11,240000	0,306017
11,250000	0,280522
11,260000	0,288171
11,270000	0,345533
11,280000	0,288171
11,290000	0,284346
11,300000	0,290720
11,310000	0,287533
11,320000	0,349995
11,330000	0,297094
11,340000	0,295182
11,350000	0,287533
11,360000	0,291995
11,370000	0,278610
11,380000	0,290083
11,390000	0,275423
11,400000	0,288808
11,410000	0,288171
11,420000	0,299643
11,430000	0,280522
11,440000	0,290083
11,450000	0,291995
11,460000	0,272874
11,470000	0,305379
11,480000	0,290720
11,490000	0,281797
11,500000	0,303467
11,510000	0,315577
11,520000	0,314940
11,530000	0,307929
11,540000	0,308566
11,550000	0,328325
11,560000	0,274148
11,570000	0,328962
11,580000	0,287533
11,590000	0,298368
11,600000	0,321951
11,610000	0,286258
11,620000	0,321951
11,630000	0,256940
11,640000	0,270962
11,650000	0,283709
11,660000	0,283709
11,670000	0,272874
11,680000	0,300281
11,690000	0,309204
11,700000	0,243555
11,710000	0,258852
11,720000	0,295819
11,730000	0,272874
11,740000	0,242280
11,750000	0,270324
11,760000	0,221247
11,770000	0,283072
11,780000	0,331511
11,790000	0,297094
11,800000	0,344259
11,810000	0,340435
11,820000	0,289445
11,830000	0,325775
11,840000	0,343621
11,850000	0,253115
11,860000	0,260764
11,870000	0,251203
11,880000	0,287533
11,890000	0,277973
11,900000	0,297731
11,910000	0,210412
11,920000	0,197665
11,930000	0,223797
11,940000	0,295819
11,950000	0,203401
11,960000	0,266500
11,970000	0,270962
11,980000	0,283709
11,990000	0,399710
12,000000	0,300918
12,010000	0,297094
12,020000	0,302193
12,030000	0,292632
12,040000	0,427754
12,050000	0,302193
12,060000	0,413094
12,070000	0,297094
12,080000	0,277973
12,090000	0,242280
12,100000	0,282434
12,110000	0,287533
12,120000	0,288808
12,130000	0,297094
12,140000	0,263313
12,150000	0,297094
12,160000	0,248654
12,170000	0,297094
12,180000	0,302830
12,190000	0,277973
12,200000	0,290720
12,210000	0,285621
12,220000	0,293907
12,230000	0,292632
12,240000	0,288808
12,250000	0,288171
12,260000	0,288808
12,270000	0,288808
12,280000	0,288808
12,290000	0,277973
12,300000	0,292632
12,310000	0,293907
12,320000	0,281160
12,330000	0,284346
12,340000	0,293269
12,350000	0,292632
12,360000	0,291995
12,370000	0,295182
12,380000	0,299006
12,390000	0,283072
12,400000	0,287533
12,410000	0,250566
12,420000	0,294544
12,430000	0,272236
12,440000	0,251841
12,450000	0,266500
12,460000	0,279885
12,470000	0,265225
12,480000	0,281160
12,490000	0,279247
12,500000	0,270962
12,510000	0,287533
12,520000	0,297731
12,530000	0,311116
12,540000	0,316852
12,550000	0,276698
12,560000	0,284346
12,570000	0,286258
12,580000	0,313028
12,590000	0,275423
12,600000	0,295819
12,610000	0,263313
12,620000	0,293269
12,630000	0,316215
12,640000	0,315577
12,650000	0,318764
12,660000	0,294544
12,670000	0,256302
12,680000	0,282434
12,690000	0,254390
12,700000	0,261401
12,710000	0,271599
12,720000	0,288171
12,730000	0,326413
12,740000	0,279885
12,750000	0,283709
12,760000	0,225071
12,770000	0,279247
12,780000	0,231445
12,790000	0,279247
12,800000	0,274148
12,810000	0,346808
12,820000	0,291995
12,830000	0,339160
12,840000	0,290083
12,850000	0,275423
12,860000	0,276061
12,870000	0,256940
12,880000	0,197665
12,890000	0,277973
12,900000	0,279885
12,910000	0,142214
12,920000	0,263313
12,930000	0,239731
12,940000	0,273511
12,950000	0,279247
12,960000	0,297731
12,970000	0,276061
12,980000	0,277335
12,990000	0,276698
13,000000	0,291357
13,010000	0,333424
13,020000	0,287533
13,030000	0,284346
13,040000	0,285621
13,050000	0,297094
13,060000	0,318127
13,070000	0,292632
13,080000	0,291357
13,090000	0,283072
13,100000	0,285621
13,110000	0,279885
13,120000	0,282434
13,130000	0,287533
13,140000	0,286258
13,150000	0,288171
13,160000	0,288808
13,170000	0,284984
13,180000	0,284984
13,190000	0,284346
13,200000	0,286258
13,210000	0,289445
13,220000	0,286258
13,230000	0,280522
13,240000	0,292632
13,250000	0,290083
13,260000	0,289445
13,270000	0,283072
13,280000	0,295819
13,290000	0,306017
13,300000	0,299643
13,310000	0,295819
13,320000	0,288171
13,330000	0,295819
13,340000	0,322588
13,350000	0,285621
13,360000	0,321314
13,370000	0,282434
13,380000	0,276698
13,390000	0,286896
13,400000	0,270324
13,410000	0,286258
13,420000	0,293269
13,430000	0,262676
13,440000	0,265225
13,450000	0,263951
13,460000	0,274786
13,470000	0,283072
13,480000	0,300281
13,490000	0,270324
13,500000	0,269687
13,510000	0,265225
13,520000	0,294544
13,530000	0,304742
13,540000	0,272874
13,550000	0,265225
13,560000	0,297731
13,570000	0,267137
13,580000	0,248654
13,590000	0,272874
13,600000	0,275423
13,610000	0,299006
13,620000	0,291357
13,630000	0,239093
13,640000	0,299643
13,650000	0,237819
13,660000	0,279885
13,670000	0,253753
13,680000	0,282434
13,690000	0,291357
13,700000	0,264588
13,710000	0,337248
13,720000	0,300918
13,730000	0,252478
13,740000	0,299006
13,750000	0,295819
13,760000	0,357006
13,770000	0,289445
13,780000	0,330237
13,790000	0,286258
13,800000	0,293269
13,810000	0,290083
13,820000	0,292632
13,830000	0,349995
13,840000	0,292632
13,850000	0,299643
13,860000	0,290720
13,870000	0,288171
13,880000	0,275423
13,890000	0,300281
13,900000	0,293269
13,910000	0,252478
13,920000	0,291357
13,930000	0,253753
13,940000	0,299006
13,950000	0,296456
13,960000	0,293269
13,970000	0,293907
13,980000	0,288171
13,990000	0,290720
14,000000	0,287533
14,010000	0,283072
14,020000	0,292632
14,030000	0,285621
14,040000	0,293269
14,050000	0,291357
14,060000	0,286258
14,070000	0,293269
14,080000	0,298368
14,090000	0,287533
14,100000	0,288808
14,110000	0,293269
14,120000	0,283072
14,130000	0,279885
14,140000	0,288171
14,150000	0,289445
14,160000	0,263951
14,170000	0,290083
14,180000	0,280522
14,190000	0,272236
14,200000	0,291995
14,210000	0,241005
14,220000	0,295819
14,230000	0,273511
14,240000	0,290083
14,250000	0,289445
14,260000	0,297731
14,270000	0,296456
14,280000	0,291995
14,290000	0,293269
14,300000	0,303467
14,310000	0,299006
14,320000	0,319401
14,330000	0,291357
14,340000	0,290083
14,350000	0,283072
14,360000	0,301555
14,370000	0,286896
14,380000	0,299643
14,390000	0,287533
14,400000	0,305379
14,410000	0,295182
14,420000	0,304742
14,430000	0,291995
14,440000	0,294544
14,450000	0,294544
14,460000	0,295819
14,470000	0,297731
14,480000	0,290720
14,490000	0,290083
14,500000	0,276061
14,510000	0,290720
14,520000	0,260126
14,530000	0,291357
14,540000	0,291357
14,550000	0,286896
14,560000	0,285621
14,570000	0,286258
14,580000	0,292632
14,590000	0,283072
14,600000	0,257577
14,610000	0,281160
14,620000	0,248016
14,630000	0,283709
14,640000	0,296456
14,650000	0,275423
14,660000	0,293907
14,670000	0,287533
14,680000	0,294544
14,690000	0,286258
14,700000	0,286896
14,710000	0,293907
14,720000	0,290083
14,730000	0,286896
14,740000	0,285621
14,750000	0,286258
14,760000	0,287533
14,770000	0,277335
14,780000	0,287533
14,790000	0,283709
14,800000	0,274148
14,810000	0,285621
14,820000	0,286896
14,830000	0,289445
14,840000	0,287533
14,850000	0,287533
14,860000	0,283709
14,870000	0,289445
14,880000	0,290720
14,890000	0,290083
14,900000	0,284346
14,910000	0,281797
14,920000	0,275423
14,930000	0,283709
14,940000	0,288171
14,950000	0,281797
14,960000	0,293269
14,970000	0,293907
14,980000	0,286258
14,990000	0,288171
15,000000	0,284346
15,010000	0,279247
15,020000	0,291995
15,030000	0,281797
15,040000	0,285621
15,050000	0,291357
15,060000	0,285621
15,070000	0,284984
15,080000	0,287533
15,090000	0,286896
15,100000	0,286896
15,110000	0,291995
15,120000	0,281160
15,130000	0,281797
15,140000	0,287533
15,150000	0,290720
15,160000	0,285621
15,170000	0,283709
15,180000	0,278610
15,190000	0,283072
15,200000	0,282434
15,210000	0,281160
15,220000	0,283072
15,230000	0,283709
15,240000	0,284984
15,250000	0,290083
15,260000	0,277335
15,270000	0,287533
15,280000	0,280522
15,290000	0,287533
15,300000	0,286896
15,310000	0,276698
15,320000	0,283072
15,330000	0,286258
15,340000	0,280522
15,350000	0,288171
15,360000	0,284984
15,370000	0,293269
15,380000	0,287533
15,390000	0,285621
15,400000	0,286258
15,410000	0,286258
15,420000	0,291357
15,430000	0,274786
15,440000	0,290083
15,450000	0,279885
15,460000	0,282434
15,470000	0,283072
15,480000	0,283072
15,490000	0,282434
15,500000	0,281160
15,510000	0,287533
15,520000	0,285621
15,530000	0,288171
15,540000	0,285621
15,550000	0,281160
15,560000	0,294544
15,570000	0,285621
15,580000	0,290083
15,590000	0,288171
15,600000	0,284346
15,610000	0,288171
15,620000	0,290083
15,630000	0,292632
15,640000	0,288171
15,650000	0,288171
15,660000	0,293269
15,670000	0,290720
15,680000	0,291995
15,690000	0,293269
15,700000	0,290720
15,710000	0,292632
15,720000	0,288171
15,730000	0,283072
15,740000	0,288171
15,750000	0,290720
15,760000	0,285621
15,770000	0,289445
15,780000	0,287533
15,790000	0,290083
15,800000	0,293269
15,810000	0,290083
15,820000	0,291995
15,830000	0,286896
15,840000	0,286258
15,850000	0,286258
15,860000	0,286896
15,870000	0,287533
15,880000	0,290083
15,890000	0,288808
15,900000	0,288171
15,910000	0,290720
15,920000	0,285621
15,930000	0,285621
15,940000	0,291995
15,950000	0,283072
15,960000	0,291995
15,970000	0,288171
15,980000	0,288171
15,990000	0,292632
16,000000	0,287533
16,010000	0,290720
16,020000	0,287533
16,030000	0,286896
16,040000	0,290720
16,050000	0,290083
16,060000	0,291995
16,070000	0,290720
16,080000	0,290083
16,090000	0,293269
16,100000	0,290083
16,110000	0,290083
16,120000	0,297094
16,130000	0,289445
16,140000	0,290083
16,150000	0,290720
16,160000	0,291995
16,170000	0,291995
16,180000	0,297731
16,190000	0,290083
16,200000	0,298368
16,210000	0,291357
16,220000	0,296456
16,230000	0,287533
16,240000	0,293269
16,250000	0,288171
16,260000	0,290083
16,270000	0,290083
16,280000	0,295819
16,290000	0,288171
16,300000	0,295819
16,310000	0,292632
16,320000	0,290720
16,330000	0,287533
16,340000	0,299006
16,350000	0,285621
16,360000	0,290083
16,370000	0,291995
16,380000	0,292632
16,390000	0,290083
16,400000	0,291995
16,410000	0,285621
16,420000	0,283709
16,430000	0,288171
16,440000	0,287533
16,450000	0,293269
16,460000	0,290083
16,470000	0,288808
16,480000	0,282434
16,490000	0,287533
16,500000	0,286258
16,510000	0,287533
16,520000	0,284984
16,530000	0,286896
16,540000	0,287533
16,550000	0,283709
16,560000	0,290720
16,570000	0,293269
16,580000	0,286258
16,590000	0,293269
16,600000	0,290720
16,610000	0,286258
16,620000	0,287533
16,630000	0,283709
16,640000	0,289445
16,650000	0,284984
16,660000	0,286896
16,670000	0,288171
16,680000	0,286258
16,690000	0,284984
16,700000	0,297094
16,710000	0,290720
16,720000	0,292632
16,730000	0,284346
16,740000	0,290720
16,750000	0,289445
16,760000	0,293269
16,770000	0,286258
16,780000	0,291357
16,790000	0,285621
16,800000	0,292632
16,810000	0,286896
16,820000	0,293907
16,830000	0,286896
16,840000	0,290720
16,850000	0,290083
16,860000	0,286258
16,870000	0,288808
16,880000	0,288171
16,890000	0,288171
16,900000	0,284346
16,910000	0,289445
16,920000	0,290720
16,930000	0,274786
16,940000	0,276061
16,950000	0,260764
16,960000	0,256302
16,970000	0,248654
16,980000	0,246742
16,990000	0,237181
17,000000	0,230170
17,010000	0,221884
17,020000	0,219335
17,030000	0,214873
17,040000	0,208500
17,050000	0,204038
17,060000	0,202763
17,070000	0,198302
17,080000	0,198302
17,090000	0,189379
17,100000	0,190016
17,110000	0,187467
17,120000	0,185555
17,130000	0,179181
17,140000	0,185555
17,150000	0,172807
17,160000	0,176631
17,170000	0,170895
17,180000	0,172807
17,190000	0,172170
17,200000	0,167071
17,210000	0,165159
17,220000	0,167071
17,230000	0,168346
17,240000	0,163884
17,250000	0,160697
17,260000	0,167708
17,270000	0,159423
17,280000	0,158785
17,290000	0,158785
17,300000	0,156873
17,310000	0,157511
17,320000	0,160697
17,330000	0,157511
17,340000	0,154324
17,350000	0,154961
17,360000	0,153686
17,370000	0,156873
17,380000	0,154961
17,390000	0,156236
17,400000	0,156873
17,410000	0,153686
17,420000	0,158785
17,430000	0,149862
17,440000	0,156236
17,450000	0,150499
17,460000	0,149225
17,470000	0,147313
17,480000	0,152412
17,490000	0,148587
17,500000	0,151137
17,510000	0,149225
17,520000	0,150499
17,530000	0,147313
17,540000	0,152412
17,550000	0,147950
17,560000	0,153686
17,570000	0,147313
17,580000	0,153686
17,590000	0,147950
17,600000	0,153049
17,610000	0,153049
17,620000	0,153686
17,630000	0,157511
17,640000	0,158148
17,650000	0,156236
17,660000	0,162609
17,670000	0,161335
17,680000	0,162609
17,690000	0,165796
17,700000	0,167071
17,710000	0,168346
17,720000	0,175994
17,730000	0,174719
17,740000	0,178544
17,750000	0,180456
17,760000	0,186192
17,770000	0,188741
17,780000	0,201489
17,790000	0,200214
17,800000	0,208500
17,810000	0,214236
17,820000	0,223797
17,830000	0,230808
17,840000	0,234632
17,850000	0,246742
17,860000	0,255665
17,870000	0,257577
17,880000	0,256940
17,890000	0,262039
17,900000	0,264588
17,910000	0,264588
17,920000	0,268412
17,930000	0,267137
17,940000	0,267137
17,950000	0,267137
17,960000	0,272874
17,970000	0,258852
17,980000	0,250566
17,990000	0,239731
18,000000	0,232720
18,010000	0,226346
18,020000	0,216148
18,030000	0,213599
18,040000	0,207862
18,050000	0,200851
18,060000	0,196390
18,070000	0,194478
18,080000	0,188741
18,090000	0,184280
18,100000	0,180456
18,110000	0,184280
18,120000	0,179818
18,130000	0,175994
18,140000	0,171533
18,150000	0,167708
18,160000	0,172170
18,170000	0,165796
18,180000	0,165796
18,190000	0,166434
18,200000	0,165159
18,210000	0,160697
18,220000	0,163247
18,230000	0,160697
18,240000	0,159423
18,250000	0,158785
18,260000	0,158785
18,270000	0,157511
18,280000	0,159423
18,290000	0,160697
18,300000	0,156236
18,310000	0,160697
18,320000	0,152412
18,330000	0,153686
18,340000	0,158148
18,350000	0,151137
18,360000	0,154324
18,370000	0,154961
18,380000	0,152412
18,390000	0,153686
18,400000	0,157511
18,410000	0,154324
18,420000	0,155598
18,430000	0,150499
18,440000	0,150499
18,450000	0,150499
18,460000	0,146038
18,470000	0,147313
18,480000	0,149862
18,490000	0,147313
18,500000	0,148587
18,510000	0,145401
18,520000	0,150499
18,530000	0,149225
18,540000	0,150499
18,550000	0,148587
18,560000	0,149225
18,570000	0,150499
18,580000	0,149225
18,590000	0,148587
18,600000	0,153049
18,610000	0,151774
18,620000	0,153686
18,630000	0,153049
18,640000	0,158148
18,650000	0,159423
18,660000	0,162609
18,670000	0,160060
18,680000	0,162609
18,690000	0,161335
18,700000	0,165159
18,710000	0,169620
18,720000	0,172170
18,730000	0,172170
18,740000	0,183005
18,750000	0,182368
18,760000	0,196390
18,770000	0,183643
18,780000	0,197027
18,790000	0,198939
18,800000	0,206588
18,810000	0,210412
18,820000	0,224434
18,830000	0,228258
18,840000	0,233994
18,850000	0,239731
18,860000	0,244830
18,870000	0,250566
18,880000	0,253753
18,890000	0,251203
18,900000	0,263951
18,910000	0,258214
18,920000	0,262676
18,930000	0,265863
18,940000	0,264588
18,950000	0,267137
18,960000	0,268412
18,970000	0,267775
18,980000	0,259489
18,990000	0,249291
19,000000	0,236544
19,010000	0,233357
19,020000	0,221884
19,030000	0,224434
19,040000	0,205950
19,050000	0,207862
19,060000	0,196390
19,070000	0,195752
19,080000	0,190654
19,090000	0,189379
19,100000	0,182368
19,110000	0,181730
19,120000	0,177906
19,130000	0,179818
19,140000	0,172170
19,150000	0,167708
19,160000	0,167708
19,170000	0,163884
19,180000	0,161972
19,190000	0,163884
19,200000	0,160060
19,210000	0,160697
19,220000	0,161972
19,230000	0,157511
19,240000	0,154324
19,250000	0,158785
19,260000	0,155598
19,270000	0,151774
19,280000	0,156236
19,290000	0,158148
19,300000	0,155598
19,310000	0,151774
19,320000	0,154324
19,330000	0,152412
19,340000	0,153686
19,350000	0,154324
19,360000	0,150499
19,370000	0,149225
19,380000	0,147950
19,390000	0,150499
19,400000	0,151774
19,410000	0,149862
19,420000	0,149225
19,430000	0,151774
19,440000	0,147950
19,450000	0,149862
19,460000	0,147950
19,470000	0,147950
19,480000	0,143488
19,490000	0,145401
19,500000	0,144763
19,510000	0,142214
19,520000	0,147950
19,530000	0,147313
19,540000	0,144763
19,550000	0,146038
19,560000	0,145401
19,570000	0,146675
19,580000	0,144763
19,590000	0,150499
19,600000	0,150499
19,610000	0,146038
19,620000	0,147950
19,630000	0,150499
19,640000	0,154324
19,650000	0,152412
19,660000	0,159423
19,670000	0,154961
19,680000	0,157511
19,690000	0,158785
19,700000	0,162609
19,710000	0,165796
19,720000	0,168346
19,730000	0,168983
19,740000	0,176631
19,750000	0,175357
19,760000	0,183643
19,770000	0,179818
19,780000	0,192566
19,790000	0,188741
19,800000	0,202126
19,810000	0,202763
19,820000	0,214873
19,830000	0,221884
19,840000	0,233357
19,850000	0,231445
19,860000	0,246742
19,870000	0,238456
19,880000	0,252478
19,890000	0,244830
19,900000	0,256302
19,910000	0,258214
19,920000	0,256940
19,930000	0,262039
19,940000	0,262039
19,950000	0,260764
19,960000	0,264588
19,970000	0,261401
19,980000	0,263951
19,990000	0,256940
20,000000	0,250566
20,010000	0,242280
20,020000	0,230170
20,030000	0,227621
20,040000	0,218698
20,050000	0,209137
20,060000	0,204676
20,070000	0,196390
20,080000	0,190654
20,090000	0,190654
20,100000	0,187467
20,110000	0,188104
20,120000	0,182368
20,130000	0,175357
20,140000	0,172807
20,150000	0,174082
20,160000	0,168346
20,170000	0,168346
20,180000	0,171533
20,190000	0,164522
20,200000	0,162609
20,210000	0,169620
20,220000	0,161972
20,230000	0,160060
20,240000	0,157511
20,250000	0,158148
20,260000	0,158148
20,270000	0,155598
20,280000	0,159423
20,290000	0,154961
20,300000	0,154961
20,310000	0,153049
20,320000	0,158148
20,330000	0,155598
20,340000	0,151774
20,350000	0,153049
20,360000	0,153686
20,370000	0,154324
20,380000	0,153686
20,390000	0,147313
20,400000	0,150499
20,410000	0,151137
20,420000	0,153049
20,430000	0,149862
20,440000	0,151774
20,450000	0,150499
20,460000	0,150499
20,470000	0,148587
20,480000	0,151137
20,490000	0,150499
20,500000	0,149225
20,510000	0,149862
20,520000	0,149862
20,530000	0,146675
20,540000	0,145401
20,550000	0,149225
20,560000	0,147950
20,570000	0,148587
20,580000	0,150499
20,590000	0,146038
20,600000	0,147950
20,610000	0,151137
20,620000	0,154324
20,630000	0,152412
20,640000	0,154324
20,650000	0,153049
20,660000	0,156873
20,670000	0,158148
20,680000	0,160697
20,690000	0,160697
20,700000	0,164522
20,710000	0,167071
20,720000	0,165159
20,730000	0,170258
20,740000	0,172807
20,750000	0,177906
20,760000	0,182368
20,770000	0,186192
20,780000	0,193203
20,790000	0,196390
20,800000	0,200851
20,810000	0,204676
20,820000	0,211687
20,830000	0,217423
20,840000	0,226983
20,850000	0,230170
20,860000	0,236544
20,870000	0,237181
20,880000	0,246742
20,890000	0,252478
20,900000	0,251203
20,910000	0,250566
20,920000	0,257577
20,930000	0,256302
20,940000	0,258852
20,950000	0,263313
20,960000	0,267775
20,970000	0,265225
20,980000	0,265225
20,990000	0,262676
21,000000	0,255665
21,010000	0,251841
21,020000	0,240368
21,030000	0,229533
21,040000	0,221884
21,050000	0,212961
21,060000	0,209137
21,070000	0,205950
21,080000	0,195115
21,090000	0,197665
21,100000	0,190016
21,110000	0,186829
21,120000	0,183643
21,130000	0,180456
21,140000	0,179818
21,150000	0,175994
21,160000	0,170258
21,170000	0,171533
21,180000	0,167708
21,190000	0,167708
21,200000	0,162609
21,210000	0,163884
21,220000	0,158148
21,230000	0,161335
21,240000	0,157511
21,250000	0,154324
21,260000	0,154961
21,270000	0,158148
21,280000	0,153049
21,290000	0,158148
21,300000	0,153049
21,310000	0,151774
21,320000	0,150499
21,330000	0,150499
21,340000	0,150499
21,350000	0,151137
21,360000	0,150499
21,370000	0,154961
21,380000	0,146038
21,390000	0,149225
21,400000	0,152412
21,410000	0,149225
21,420000	0,146038
21,430000	0,149862
21,440000	0,147950
21,450000	0,148587
21,460000	0,147950
21,470000	0,147950
21,480000	0,150499
21,490000	0,145401
21,500000	0,146038
21,510000	0,144763
21,520000	0,144763
21,530000	0,145401
21,540000	0,146038
21,550000	0,144126
21,560000	0,144763
21,570000	0,147313
21,580000	0,142851
21,590000	0,145401
21,600000	0,144763
21,610000	0,145401
21,620000	0,149225
21,630000	0,147313
21,640000	0,153049
21,650000	0,150499
21,660000	0,151774
21,670000	0,151774
21,680000	0,151774
21,690000	0,157511
21,700000	0,157511
21,710000	0,161335
21,720000	0,163884
21,730000	0,167708
21,740000	0,168346
21,750000	0,170895
21,760000	0,173445
21,770000	0,178544
21,780000	0,183005
21,790000	0,185555
21,800000	0,191291
21,810000	0,193840
21,820000	0,201489
21,830000	0,212961
21,840000	0,215511
21,850000	0,219335
21,860000	0,226983
21,870000	0,235269
21,880000	0,239731
21,890000	0,239731
21,900000	0,246104
21,910000	0,244830
21,920000	0,251841
21,930000	0,251203
21,940000	0,255665
21,950000	0,249291
21,960000	0,260126
21,970000	0,258214
21,980000	0,261401
21,990000	0,258214
22,000000	0,263951
22,010000	0,249929
22,020000	0,249929
22,030000	0,236544
22,040000	0,231445
22,050000	0,218060
22,060000	0,213599
22,070000	0,211687
22,080000	0,200851
22,090000	0,195115
22,100000	0,198939
22,110000	0,188741
22,120000	0,188104
22,130000	0,180456
22,140000	0,180456
22,150000	0,177906
22,160000	0,174719
22,170000	0,171533
22,180000	0,171533
22,190000	0,165796
22,200000	0,169620
22,210000	0,164522
22,220000	0,165159
22,230000	0,161335
22,240000	0,162609
22,250000	0,161335
22,260000	0,160697
22,270000	0,154324
22,280000	0,158785
22,290000	0,153686
22,300000	0,156236
22,310000	0,154961
22,320000	0,153686
22,330000	0,151774
22,340000	0,156873
22,350000	0,151137
22,360000	0,154961
22,370000	0,150499
22,380000	0,156873
22,390000	0,148587
22,400000	0,149862
22,410000	0,152412
22,420000	0,152412
22,430000	0,151137
22,440000	0,147950
22,450000	0,150499
22,460000	0,153049
22,470000	0,146675
22,480000	0,150499
22,490000	0,147950
22,500000	0,149225
22,510000	0,146675
22,520000	0,146038
22,530000	0,146038
22,540000	0,146038
22,550000	0,149862
22,560000	0,142214
22,570000	0,151774
22,580000	0,147313
22,590000	0,149225
22,600000	0,147313
22,610000	0,153049
22,620000	0,147950
22,630000	0,151774
22,640000	0,149225
22,650000	0,154324
22,660000	0,159423
22,670000	0,157511
22,680000	0,155598
22,690000	0,160697
22,700000	0,161335
22,710000	0,163247
22,720000	0,163247
22,730000	0,171533
22,740000	0,169620
22,750000	0,180456
22,760000	0,178544
22,770000	0,177269
22,780000	0,183005
22,790000	0,188741
22,800000	0,188741
22,810000	0,198302
22,820000	0,200851
22,830000	0,209775
22,840000	0,212961
22,850000	0,219972
22,860000	0,227621
22,870000	0,235269
22,880000	0,236544
22,890000	0,243555
22,900000	0,249929
22,910000	0,247379
22,920000	0,249929
22,930000	0,258852
22,940000	0,258214
22,950000	0,255665
22,960000	0,258214
22,970000	0,258852
22,980000	0,257577
22,990000	0,260764
23,000000	0,262676
23,010000	0,255665
23,020000	0,253753
23,030000	0,247379
23,040000	0,236544
23,050000	0,228896
23,060000	0,218698
23,070000	0,210412
23,080000	0,205313
23,090000	0,204038
23,100000	0,201489
23,110000	0,192566
23,120000	0,186829
23,130000	0,183643
23,140000	0,188104
23,150000	0,177269
23,160000	0,181093
23,170000	0,174082
23,180000	0,174719
23,190000	0,169620
23,200000	0,172170
23,210000	0,165159
23,220000	0,167071
23,230000	0,164522
23,240000	0,163247
23,250000	0,156236
23,260000	0,161335
23,270000	0,156873
23,280000	0,158148
23,290000	0,151774
23,300000	0,155598
23,310000	0,151137
23,320000	0,153049
23,330000	0,150499
23,340000	0,150499
23,350000	0,149862
23,360000	0,150499
23,370000	0,147313
23,380000	0,153049
23,390000	0,148587
23,400000	0,150499
23,410000	0,147313
23,420000	0,147313
23,430000	0,146038
23,440000	0,151774
23,450000	0,142214
23,460000	0,149225
23,470000	0,147313
23,480000	0,150499
23,490000	0,146038
23,500000	0,144763
23,510000	0,144126
23,520000	0,148587
23,530000	0,141576
23,540000	0,143488
23,550000	0,143488
23,560000	0,140302
23,570000	0,140302
23,580000	0,144126
23,590000	0,144763
23,600000	0,146038
23,610000	0,144126
23,620000	0,147313
23,630000	0,147950
23,640000	0,146675
23,650000	0,149225
23,660000	0,153049
23,670000	0,152412
23,680000	0,150499
23,690000	0,155598
23,700000	0,157511
23,710000	0,160697
23,720000	0,157511
23,730000	0,161972
23,740000	0,168346
23,750000	0,168346
23,760000	0,169620
23,770000	0,175994
23,780000	0,174082
23,790000	0,182368
23,800000	0,183643
23,810000	0,197027
23,820000	0,198939
23,830000	0,200851
23,840000	0,206588
23,850000	0,210412
23,860000	0,221247
23,870000	0,229533
23,880000	0,230170
23,890000	0,235269
23,900000	0,241643
23,910000	0,235907
23,920000	0,246742
23,930000	0,248016
23,940000	0,246742
23,950000	0,251203
23,960000	0,252478
23,970000	0,248016
23,980000	0,256302
23,990000	0,252478
24,000000	0,255028
24,010000	0,254390
24,020000	0,254390
24,030000	0,244830
24,040000	0,244830
24,050000	0,231445
24,060000	0,218698
24,070000	0,216148
24,080000	0,210412
24,090000	0,200851
24,100000	0,198939
24,110000	0,193840
24,120000	0,191291
24,130000	0,184917
24,140000	0,184917
24,150000	0,178544
24,160000	0,179181
24,170000	0,175357
24,180000	0,174719
24,190000	0,170258
24,200000	0,172170
24,210000	0,167708
24,220000	0,163884
24,230000	0,162609
24,240000	0,164522
24,250000	0,158785
24,260000	0,160697
24,270000	0,158785
24,280000	0,158785
24,290000	0,154324
24,300000	0,153686
24,310000	0,153686
24,320000	0,157511
24,330000	0,153049
24,340000	0,156873
24,350000	0,147313
24,360000	0,153049
24,370000	0,150499
24,380000	0,154961
24,390000	0,147950
24,400000	0,149225
24,410000	0,150499
24,420000	0,150499
24,430000	0,148587
24,440000	0,151137
24,450000	0,149862
24,460000	0,149862
24,470000	0,147313
24,480000	0,148587
24,490000	0,147950
24,500000	0,147950
24,510000	0,147950
24,520000	0,147313
24,530000	0,143488
24,540000	0,147313
24,550000	0,146038
24,560000	0,146675
24,570000	0,147950
24,580000	0,142214
24,590000	0,145401
24,600000	0,146038
24,610000	0,146675
24,620000	0,147313
24,630000	0,146675
24,640000	0,146675
24,650000	0,147313
24,660000	0,149225
24,670000	0,153049
24,680000	0,154961
24,690000	0,158148
24,700000	0,156236
24,710000	0,159423
24,720000	0,161972
24,730000	0,162609
24,740000	0,163884
24,750000	0,168983
24,760000	0,172807
24,770000	0,175994
24,780000	0,179181
24,790000	0,183643
24,800000	0,186192
24,810000	0,195752
24,820000	0,193840
24,830000	0,200214
24,840000	0,205950
24,850000	0,214873
24,860000	0,221247
24,870000	0,227621
24,880000	0,232082
24,890000	0,236544
24,900000	0,239731
24,910000	0,248654
24,920000	0,249291
24,930000	0,253115
24,940000	0,249291
24,950000	0,252478
24,960000	0,257577
24,970000	0,256940
24,980000	0,256302
24,990000	0,261401
25,000000	0,257577
25,010000	0,258852
25,020000	0,257577
25,030000	0,260126
25,040000	0,255028
25,050000	0,244830
25,060000	0,237181
25,070000	0,221247
25,080000	0,219335
25,090000	0,211049
25,100000	0,206588
25,110000	0,202763
25,120000	0,192566
25,130000	0,194478
25,140000	0,186192
25,150000	0,184917
25,160000	0,178544
25,170000	0,177906
25,180000	0,174719
25,190000	0,170258
25,200000	0,168983
25,210000	0,168346
25,220000	0,167071
25,230000	0,163247
25,240000	0,164522
25,250000	0,164522
25,260000	0,156873
25,270000	0,158148
25,280000	0,158148
25,290000	0,155598
25,300000	0,156873
25,310000	0,156236
25,320000	0,156236
25,330000	0,154324
25,340000	0,154961
25,350000	0,152412
25,360000	0,151774
25,370000	0,151774
25,380000	0,153686
25,390000	0,147313
25,400000	0,153049
25,410000	0,152412
25,420000	0,151137
25,430000	0,147950
25,440000	0,149225
25,450000	0,147950
25,460000	0,146675
25,470000	0,151774
25,480000	0,147313
25,490000	0,143488
25,500000	0,146038
25,510000	0,145401
25,520000	0,146038
25,530000	0,140939
25,540000	0,147313
25,550000	0,145401
25,560000	0,148587
25,570000	0,142851
25,580000	0,144126
25,590000	0,142214
25,600000	0,142851
25,610000	0,142214
25,620000	0,144126
25,630000	0,142851
25,640000	0,146675
25,650000	0,144126
25,660000	0,148587
25,670000	0,147950
25,680000	0,151774
25,690000	0,149862
25,700000	0,153049
25,710000	0,151137
25,720000	0,158785
25,730000	0,155598
25,740000	0,161972
25,750000	0,161335
25,760000	0,167071
25,770000	0,167071
25,780000	0,170258
25,790000	0,173445
25,800000	0,176631
25,810000	0,179181
25,820000	0,188104
25,830000	0,189379
25,840000	0,200851
25,850000	0,202763
25,860000	0,211687
25,870000	0,216148
25,880000	0,226346
25,890000	0,229533
25,900000	0,234632
25,910000	0,242280
25,920000	0,234632
25,930000	0,241005
25,940000	0,246104
25,950000	0,246742
25,960000	0,249291
25,970000	0,249929
25,980000	0,249929
25,990000	0,256302
26,000000	0,253115
26,010000	0,254390
26,020000	0,252478
26,030000	0,256302
26,040000	0,244830
26,050000	0,253115
26,060000	0,233994
26,070000	0,232720
26,080000	0,218060
26,090000	0,218698
26,100000	0,207225
26,110000	0,204676
26,120000	0,197027
26,130000	0,191291
26,140000	0,188104
26,150000	0,184917
26,160000	0,187467
26,170000	0,177906
26,180000	0,177269
26,190000	0,174082
26,200000	0,166434
26,210000	0,167708
26,220000	0,166434
26,230000	0,168346
26,240000	0,161972
26,250000	0,164522
26,260000	0,160697
26,270000	0,158148
26,280000	0,160060
26,290000	0,162609
26,300000	0,158148
26,310000	0,156873
26,320000	0,153049
26,330000	0,151774
26,340000	0,151137
26,350000	0,149225
26,360000	0,150499
26,370000	0,149862
26,380000	0,153049
26,390000	0,149862
26,400000	0,147950
26,410000	0,149862
26,420000	0,149862
26,430000	0,149225
26,440000	0,148587
26,450000	0,147950
26,460000	0,146038
26,470000	0,150499
26,480000	0,146038
26,490000	0,147313
26,500000	0,147950
26,510000	0,147950
26,520000	0,144126
26,530000	0,146038
26,540000	0,142851
26,550000	0,142851
26,560000	0,145401
26,570000	0,145401
26,580000	0,147950
26,590000	0,147950
26,600000	0,145401
26,610000	0,148587
26,620000	0,145401
26,630000	0,146038
26,640000	0,150499
26,650000	0,144126
26,660000	0,154324
26,670000	0,148587
26,680000	0,153049
26,690000	0,153049
26,700000	0,156873
26,710000	0,153049
26,720000	0,162609
26,730000	0,160697
26,740000	0,163884
26,750000	0,160697
26,760000	0,169620
26,770000	0,170895
26,780000	0,177269
26,790000	0,170258
26,800000	0,178544
26,810000	0,186192
26,820000	0,190016
26,830000	0,192566
26,840000	0,195752
26,850000	0,200214
26,860000	0,211049
26,870000	0,213599
26,880000	0,221884
26,890000	0,226346
26,900000	0,228258
26,910000	0,237181
26,920000	0,246104
26,930000	0,244192
26,940000	0,244830
26,950000	0,253753
26,960000	0,253115
26,970000	0,253753
26,980000	0,253115
26,990000	0,253753
27,000000	0,256302
27,010000	0,256940
27,020000	0,260764
27,030000	0,260764
27,040000	0,253753
27,050000	0,256940
27,060000	0,246104
27,070000	0,234632
27,080000	0,229533
27,090000	0,224434
27,100000	0,213599
27,110000	0,209775
27,120000	0,204676
27,130000	0,197665
27,140000	0,195752
27,150000	0,188104
27,160000	0,191291
27,170000	0,184917
27,180000	0,178544
27,190000	0,181093
27,200000	0,172807
27,210000	0,172170
27,220000	0,170895
27,230000	0,166434
27,240000	0,165796
27,250000	0,166434
27,260000	0,161972
27,270000	0,163247
27,280000	0,161972
27,290000	0,157511
27,300000	0,159423
27,310000	0,153049
27,320000	0,159423
27,330000	0,153686
27,340000	0,153686
27,350000	0,153049
27,360000	0,153049
27,370000	0,149862
27,380000	0,151774
27,390000	0,151137
27,400000	0,147313
27,410000	0,151774
27,420000	0,152412
27,430000	0,148587
27,440000	0,149862
27,450000	0,149862
27,460000	0,148587
27,470000	0,149862
27,480000	0,148587
27,490000	0,146675
27,500000	0,148587
27,510000	0,149225
27,520000	0,147313
27,530000	0,148587
27,540000	0,146675
27,550000	0,144126
27,560000	0,146038
27,570000	0,144126
27,580000	0,142214
27,590000	0,144126
27,600000	0,142214
27,610000	0,144126
27,620000	0,147313
27,630000	0,143488
27,640000	0,144763
27,650000	0,146675
27,660000	0,147950
27,670000	0,148587
27,680000	0,146675
27,690000	0,151774
27,700000	0,149225
27,710000	0,151774
27,720000	0,153686
27,730000	0,155598
27,740000	0,158148
27,750000	0,158148
27,760000	0,163247
27,770000	0,163884
27,780000	0,170895
27,790000	0,169620
27,800000	0,177269
27,810000	0,172807
27,820000	0,183643
27,830000	0,184917
27,840000	0,190654
27,850000	0,195115
27,860000	0,198302
27,870000	0,204676
27,880000	0,209775
27,890000	0,218698
27,900000	0,228896
27,910000	0,226346
27,920000	0,235269
27,930000	0,237181
27,940000	0,244830
27,950000	0,238456
27,960000	0,246742
27,970000	0,244830
27,980000	0,251203
27,990000	0,252478
28,000000	0,255665
28,010000	0,252478
28,020000	0,253753
28,030000	0,256940
28,040000	0,253753
28,050000	0,253115
28,060000	0,249291
28,070000	0,241643
28,080000	0,232720
28,090000	0,224434
28,100000	0,215511
28,110000	0,207862
28,120000	0,203401
28,130000	0,201489
28,140000	0,189379
28,150000	0,191928
28,160000	0,185555
28,170000	0,184917
28,180000	0,182368
28,190000	0,175357
28,200000	0,173445
28,210000	0,168983
28,220000	0,170258
28,230000	0,168346
28,240000	0,168346
28,250000	0,165796
28,260000	0,165159
28,270000	0,163884
28,280000	0,154961
28,290000	0,158148
28,300000	0,159423
28,310000	0,154961
28,320000	0,156236
28,330000	0,154961
28,340000	0,151774
28,350000	0,152412
28,360000	0,155598
28,370000	0,149225
28,380000	0,149225
28,390000	0,153686
28,400000	0,149225
28,410000	0,148587
28,420000	0,150499
28,430000	0,153686
28,440000	0,148587
28,450000	0,149862
28,460000	0,149862
28,470000	0,149862
28,480000	0,149862
28,490000	0,150499
28,500000	0,149862
28,510000	0,147313
28,520000	0,146038
28,530000	0,145401
28,540000	0,144126
28,550000	0,147950
28,560000	0,144763
28,570000	0,146038
28,580000	0,147950
28,590000	0,144763
28,600000	0,145401
28,610000	0,146038
28,620000	0,146675
28,630000	0,145401
28,640000	0,144126
28,650000	0,147950
28,660000	0,145401
28,670000	0,146675
28,680000	0,146675
28,690000	0,146675
28,700000	0,147950
28,710000	0,152412
28,720000	0,156873
28,730000	0,156873
28,740000	0,159423
28,750000	0,162609
28,760000	0,161972
28,770000	0,164522
28,780000	0,167708
28,790000	0,164522
28,800000	0,172170
28,810000	0,171533
28,820000	0,179818
28,830000	0,185555
28,840000	0,184917
28,850000	0,194478
28,860000	0,198939
28,870000	0,202763
28,880000	0,209137
28,890000	0,218060
28,900000	0,224434
28,910000	0,228258
28,920000	0,236544
28,930000	0,234632
28,940000	0,246104
28,950000	0,241643
28,960000	0,250566
28,970000	0,248016
28,980000	0,253753
28,990000	0,244830
29,000000	0,254390
29,010000	0,251841
29,020000	0,260126
29,030000	0,261401
29,040000	0,260126
29,050000	0,256302
29,060000	0,261401
29,070000	0,256940
29,080000	0,248016
29,090000	0,231445
29,100000	0,229533
29,110000	0,220610
29,120000	0,212961
29,130000	0,209137
29,140000	0,202126
29,150000	0,198302
29,160000	0,198939
29,170000	0,189379
29,180000	0,189379
29,190000	0,182368
29,200000	0,179818
29,210000	0,175994
29,220000	0,176631
29,230000	0,169620
29,240000	0,172807
29,250000	0,170258
29,260000	0,164522
29,270000	0,161335
29,280000	0,165159
29,290000	0,157511
29,300000	0,160060
29,310000	0,154961
29,320000	0,160060
29,330000	0,158785
29,340000	0,153049
29,350000	0,151774
29,360000	0,153049
29,370000	0,151774
29,380000	0,154324
29,390000	0,148587
29,400000	0,153686
29,410000	0,150499
29,420000	0,149225
29,430000	0,151774
29,440000	0,149862
29,450000	0,148587
29,460000	0,150499
29,470000	0,148587
29,480000	0,146675
29,490000	0,151137
29,500000	0,149225
29,510000	0,148587
29,520000	0,143488
29,530000	0,150499
29,540000	0,147313
29,550000	0,146038
29,560000	0,146038
29,570000	0,145401
29,580000	0,142851
29,590000	0,148587
29,600000	0,145401
29,610000	0,141576
29,620000	0,143488
29,630000	0,146675
29,640000	0,149225
29,650000	0,143488
29,660000	0,146675
29,670000	0,149862
29,680000	0,145401
29,690000	0,153049
29,700000	0,148587
29,710000	0,147313
29,720000	0,148587
29,730000	0,154324
29,740000	0,154324
29,750000	0,157511
29,760000	0,156873
29,770000	0,166434
29,780000	0,162609
29,790000	0,166434
29,800000	0,168983
29,810000	0,174082
29,820000	0,175994
29,830000	0,176631
29,840000	0,185555
29,850000	0,185555
29,860000	0,189379
29,870000	0,198302
29,880000	0,198939
29,890000	0,207862
29,900000	0,209775
29,910000	0,219972
29,920000	0,226346
29,930000	0,230808
29,940000	0,234632
29,950000	0,233994
29,960000	0,242280
29,970000	0,237819
29,980000	0,246742
29,990000	0,241005
30,000000	0,246104
30,010000	0,254390
30,020000	0,251841
30,030000	0,250566
30,040000	0,251841
30,050000	0,248654
30,060000	0,252478
30,070000	0,251841
30,080000	0,247379
30,090000	0,240368
30,100000	0,224434
30,110000	0,223159
30,120000	0,215511
30,130000	0,206588
30,140000	0,207225
30,150000	0,198302
30,160000	0,191291
30,170000	0,187467
30,180000	0,186192
30,190000	0,177269
30,200000	0,180456
30,210000	0,175994
30,220000	0,176631
30,230000	0,166434
30,240000	0,170895
30,250000	0,164522
30,260000	0,168346
30,270000	0,158785
30,280000	0,164522
30,290000	0,157511
30,300000	0,160060
30,310000	0,155598
30,320000	0,156236
30,330000	0,154324
30,340000	0,153049
30,350000	0,147950
30,360000	0,157511
30,370000	0,152412
30,380000	0,152412
30,390000	0,147950
30,400000	0,152412
30,410000	0,146038
30,420000	0,148587
30,430000	0,149225
30,440000	0,149225
30,450000	0,146038
30,460000	0,149862
30,470000	0,147313
30,480000	0,147313
30,490000	0,146038
30,500000	0,144763
30,510000	0,146675
30,520000	0,147950
30,530000	0,147313
30,540000	0,149862
30,550000	0,146038
30,560000	0,146675
30,570000	0,142851
30,580000	0,147950
30,590000	0,140939
30,600000	0,142851
30,610000	0,143488
30,620000	0,143488
30,630000	0,139027
30,640000	0,147313
30,650000	0,142214
30,660000	0,149225
30,670000	0,147313
30,680000	0,146675
30,690000	0,147950
30,700000	0,149862
30,710000	0,147313
30,720000	0,156236
30,730000	0,151137
30,740000	0,156873
30,750000	0,156873
30,760000	0,161335
30,770000	0,155598
30,780000	0,163247
30,790000	0,163247
30,800000	0,170258
30,810000	0,171533
30,820000	0,177269
30,830000	0,176631
30,840000	0,184917
30,850000	0,183643
30,860000	0,192566
30,870000	0,194478
30,880000	0,198939
30,890000	0,206588
30,900000	0,213599
30,910000	0,218698
30,920000	0,223159
30,930000	0,229533
30,940000	0,239731
30,950000	0,237181
30,960000	0,241643
30,970000	0,247379
30,980000	0,246104
30,990000	0,244830
31,000000	0,250566
31,010000	0,253115
31,020000	0,249929
31,030000	0,254390
31,040000	0,254390
31,050000	0,253115
31,060000	0,256302
31,070000	0,255028
31,080000	0,256302
31,090000	0,247379
31,100000	0,238456
31,110000	0,232082
31,120000	0,224434
31,130000	0,216786
31,140000	0,210412
31,150000	0,205950
31,160000	0,200214
31,170000	0,193840
31,180000	0,190654
31,190000	0,184917
31,200000	0,183643
31,210000	0,180456
31,220000	0,177906
31,230000	0,170895
31,240000	0,172807
31,250000	0,168346
31,260000	0,168983
31,270000	0,164522
31,280000	0,170258
31,290000	0,161335
31,300000	0,162609
31,310000	0,158785
31,320000	0,160060
31,330000	0,153049
31,340000	0,156236
31,350000	0,155598
31,360000	0,156236
31,370000	0,152412
31,380000	0,155598
31,390000	0,153049
31,400000	0,152412
31,410000	0,151137
31,420000	0,154961
31,430000	0,151774
31,440000	0,148587
31,450000	0,148587
31,460000	0,149862
31,470000	0,151137
31,480000	0,151137
31,490000	0,149862
31,500000	0,151137
31,510000	0,151137
31,520000	0,147313
31,530000	0,147313
31,540000	0,147313
31,550000	0,146675
31,560000	0,146675
31,570000	0,148587
31,580000	0,143488
31,590000	0,147313
31,600000	0,146675
31,610000	0,146675
31,620000	0,143488
31,630000	0,145401
31,640000	0,146675
31,650000	0,145401
31,660000	0,143488
31,670000	0,144763
31,680000	0,145401
31,690000	0,145401
31,700000	0,149225
31,710000	0,151774
31,720000	0,149862
31,730000	0,149862
31,740000	0,151137
31,750000	0,153686
31,760000	0,151137
31,770000	0,158785
31,780000	0,161335
31,790000	0,163247
31,800000	0,164522
31,810000	0,165159
31,820000	0,167071
31,830000	0,174719
31,840000	0,174082
31,850000	0,181730
31,860000	0,183643
31,870000	0,191291
31,880000	0,193203
31,890000	0,197665
31,900000	0,209137
31,910000	0,215511
31,920000	0,217423
31,930000	0,225709
31,940000	0,225709
31,950000	0,235269
31,960000	0,240368
31,970000	0,240368
31,980000	0,244192
31,990000	0,244192
32,000000	0,244830
32,010000	0,245467
32,020000	0,251841
32,030000	0,249929
32,040000	0,249291
32,050000	0,255028
32,060000	0,255028
32,070000	0,250566
32,080000	0,252478
32,090000	0,249929
32,100000	0,237819
32,110000	0,238456
32,120000	0,226983
32,130000	0,221884
32,140000	0,216148
32,150000	0,207225
32,160000	0,197027
32,170000	0,196390
32,180000	0,193840
32,190000	0,186829
32,200000	0,183643
32,210000	0,179181
32,220000	0,178544
32,230000	0,171533
32,240000	0,177906
32,250000	0,166434
32,260000	0,167071
32,270000	0,165159
32,280000	0,164522
32,290000	0,160697
32,300000	0,157511
32,310000	0,159423
32,320000	0,160697
32,330000	0,155598
32,340000	0,149862
32,350000	0,150499
32,360000	0,152412
32,370000	0,151774
32,380000	0,153686
32,390000	0,146675
32,400000	0,152412
32,410000	0,148587
32,420000	0,150499
32,430000	0,146675
32,440000	0,151774
32,450000	0,147313
32,460000	0,146038
32,470000	0,147313
32,480000	0,147950
32,490000	0,147950
32,500000	0,150499
32,510000	0,144763
32,520000	0,150499
32,530000	0,146038
32,540000	0,149862
32,550000	0,142851
32,560000	0,149225
32,570000	0,145401
32,580000	0,145401
32,590000	0,141576
32,600000	0,144126
32,610000	0,141576
32,620000	0,142214
32,630000	0,142851
32,640000	0,144126
32,650000	0,144126
32,660000	0,149225
32,670000	0,144126
32,680000	0,150499
32,690000	0,146038
32,700000	0,146038
32,710000	0,142851
32,720000	0,152412
32,730000	0,148587
32,740000	0,151774
32,750000	0,154324
32,760000	0,154961
32,770000	0,155598
32,780000	0,157511
32,790000	0,156873
32,800000	0,163247
32,810000	0,165159
32,820000	0,167708
32,830000	0,165796
32,840000	0,175994
32,850000	0,179818
32,860000	0,178544
32,870000	0,191291
32,880000	0,191291
32,890000	0,193840
32,900000	0,202763
32,910000	0,207225
32,920000	0,219972
32,930000	0,221884
32,940000	0,224434
32,950000	0,230808
32,960000	0,233994
32,970000	0,241005
32,980000	0,239093
32,990000	0,246742
33,000000	0,242918
33,010000	0,252478
33,020000	0,246104
33,030000	0,255028
33,040000	0,249291
33,050000	0,251841
33,060000	0,252478
33,070000	0,252478
33,080000	0,256940
33,090000	0,253115
33,100000	0,253115
33,110000	0,246742
33,120000	0,233357
33,130000	0,231445
33,140000	0,219335
33,150000	0,211687
33,160000	0,207862
33,170000	0,203401
33,180000	0,193840
33,190000	0,193840
33,200000	0,188104
33,210000	0,184917
33,220000	0,184280
33,230000	0,179818
33,240000	0,179181
33,250000	0,177269
33,260000	0,174082
33,270000	0,167708
33,280000	0,165796
33,290000	0,167071
33,300000	0,165159
33,310000	0,156873
33,320000	0,161972
33,330000	0,158785
33,340000	0,156873
33,350000	0,158148
33,360000	0,156873
33,370000	0,154961
33,380000	0,153686
33,390000	0,150499
33,400000	0,154324
33,410000	0,155598
33,420000	0,153049
33,430000	0,150499
33,440000	0,149862
33,450000	0,147950
33,460000	0,152412
33,470000	0,147950
33,480000	0,147950
33,490000	0,150499
33,500000	0,151774
33,510000	0,149225
33,520000	0,153686
33,530000	0,153049
33,540000	0,148587
33,550000	0,147950
33,560000	0,147950
33,570000	0,145401
33,580000	0,145401
33,590000	0,144126
33,600000	0,148587
33,610000	0,139664
33,620000	0,146038
33,630000	0,142214
33,640000	0,144763
33,650000	0,143488
33,660000	0,146038
33,670000	0,144763
33,680000	0,150499
33,690000	0,144763
33,700000	0,151774
33,710000	0,147950
33,720000	0,149225
33,730000	0,146675
33,740000	0,152412
33,750000	0,147950
33,760000	0,158785
33,770000	0,154324
33,780000	0,160697
33,790000	0,160060
33,800000	0,160060
33,810000	0,159423
33,820000	0,167708
33,830000	0,169620
33,840000	0,170895
33,850000	0,173445
33,860000	0,183005
33,870000	0,180456
33,880000	0,186829
33,890000	0,191291
33,900000	0,196390
33,910000	0,200214
33,920000	0,211687
33,930000	0,218060
33,940000	0,226983
33,950000	0,220610
33,960000	0,232720
33,970000	0,234632
33,980000	0,241005
33,990000	0,237181
34,000000	0,242280
34,010000	0,241005
34,020000	0,251841
34,030000	0,246742
34,040000	0,255028
34,050000	0,242918
34,060000	0,254390
34,070000	0,246742
34,080000	0,253753
34,090000	0,249929
34,100000	0,255665
34,110000	0,246742
34,120000	0,244830
34,130000	0,235907
34,140000	0,226983
34,150000	0,219335
34,160000	0,208500
34,170000	0,203401
34,180000	0,200214
34,190000	0,195115
34,200000	0,191928
34,210000	0,185555
34,220000	0,186192
34,230000	0,178544
34,240000	0,180456
34,250000	0,174082
34,260000	0,174719
34,270000	0,170895
34,280000	0,171533
34,290000	0,163247
34,300000	0,161335
34,310000	0,158785
34,320000	0,160697
34,330000	0,157511
34,340000	0,158785
34,350000	0,153049
34,360000	0,159423
34,370000	0,151774
34,380000	0,155598
34,390000	0,153049
34,400000	0,149862
34,410000	0,151137
34,420000	0,152412
34,430000	0,148587
34,440000	0,151774
34,450000	0,147313
34,460000	0,149862
34,470000	0,147950
34,480000	0,147950
34,490000	0,147950
34,500000	0,150499
34,510000	0,148587
34,520000	0,144763
34,530000	0,142851
34,540000	0,144763
34,550000	0,147950
34,560000	0,147313
34,570000	0,144763
34,580000	0,142851
34,590000	0,142214
34,600000	0,145401
34,610000	0,144763
34,620000	0,140939
34,630000	0,142851
34,640000	0,140939
34,650000	0,140302
34,660000	0,145401
34,670000	0,145401
34,680000	0,144763
34,690000	0,146038
34,700000	0,147313
34,710000	0,147313
34,720000	0,143488
34,730000	0,146038
34,740000	0,149225
34,750000	0,149225
34,760000	0,149225
34,770000	0,153049
34,780000	0,158148
34,790000	0,156873
34,800000	0,160697
34,810000	0,160060
34,820000	0,164522
34,830000	0,165796
34,840000	0,171533
34,850000	0,169620
34,860000	0,177269
34,870000	0,179181
34,880000	0,183005
34,890000	0,188104
34,900000	0,195752
34,910000	0,196390
34,920000	0,201489
34,930000	0,212324
34,940000	0,215511
34,950000	0,221884
34,960000	0,229533
34,970000	0,230808
34,980000	0,239093
34,990000	0,235907
35,000000	0,239093
35,010000	0,247379
35,020000	0,248016
35,030000	0,245467
35,040000	0,255028
35,050000	0,246742
35,060000	0,250566
35,070000	0,251841
35,080000	0,252478
35,090000	0,251203
35,100000	0,256302
35,110000	0,254390
35,120000	0,246742
35,130000	0,239093
35,140000	0,233994
35,150000	0,223797
35,160000	0,214873
35,170000	0,204676
35,180000	0,204038
35,190000	0,200214
35,200000	0,195115
35,210000	0,187467
35,220000	0,190654
35,230000	0,180456
35,240000	0,180456
35,250000	0,177269
35,260000	0,174082
35,270000	0,169620
35,280000	0,170258
35,290000	0,167071
35,300000	0,168346
35,310000	0,165159
35,320000	0,165159
35,330000	0,160697
35,340000	0,159423
35,350000	0,161972
35,360000	0,154961
35,370000	0,157511
35,380000	0,158148
35,390000	0,154324
35,400000	0,153049
35,410000	0,151774
35,420000	0,149862
35,430000	0,153049
35,440000	0,151137
35,450000	0,151774
35,460000	0,151137
35,470000	0,149225
35,480000	0,148587
35,490000	0,147313
35,500000	0,148587
35,510000	0,148587
35,520000	0,144763
35,530000	0,149862
35,540000	0,147313
35,550000	0,147950
35,560000	0,151774
35,570000	0,147950
35,580000	0,149862
35,590000	0,147313
35,600000	0,146675
35,610000	0,146675
35,620000	0,147313
35,630000	0,144763
35,640000	0,144126
35,650000	0,145401
35,660000	0,145401
35,670000	0,146038
35,680000	0,146038
35,690000	0,144763
35,700000	0,144763
35,710000	0,144763
35,720000	0,146675
35,730000	0,149225
35,740000	0,149225
35,750000	0,149225
35,760000	0,152412
35,770000	0,154324
35,780000	0,155598
35,790000	0,158785
35,800000	0,160697
35,810000	0,162609
35,820000	0,164522
35,830000	0,165159
35,840000	0,167071
35,850000	0,166434
35,860000	0,175994
35,870000	0,178544
35,880000	0,184280
35,890000	0,185555
35,900000	0,191291
35,910000	0,193840
35,920000	0,203401
35,930000	0,203401
35,940000	0,216148
35,950000	0,215511
35,960000	0,226346
35,970000	0,228258
35,980000	0,238456
35,990000	0,238456
36,000000	0,239731
36,010000	0,241643
36,020000	0,244830
36,030000	0,239731
36,040000	0,248654
36,050000	0,248016
36,060000	0,249291
36,070000	0,248016
36,080000	0,255028
36,090000	0,253115
36,100000	0,253115
36,110000	0,255028
36,120000	0,254390
36,130000	0,246104
36,140000	0,240368
36,150000	0,229533
36,160000	0,223797
36,170000	0,218060
36,180000	0,207225
36,190000	0,200214
36,200000	0,202763
36,210000	0,190016
36,220000	0,191928
36,230000	0,179818
36,240000	0,180456
36,250000	0,177269
36,260000	0,181093
36,270000	0,169620
36,280000	0,172807
36,290000	0,167708
36,300000	0,167708
36,310000	0,162609
36,320000	0,165796
36,330000	0,157511
36,340000	0,162609
36,350000	0,156236
36,360000	0,156236
36,370000	0,154961
36,380000	0,154324
36,390000	0,151137
36,400000	0,150499
36,410000	0,154961
36,420000	0,150499
36,430000	0,153049
36,440000	0,147950
36,450000	0,153049
36,460000	0,147950
36,470000	0,146675
36,480000	0,153049
36,490000	0,147950
36,500000	0,148587
36,510000	0,148587
36,520000	0,151774
36,530000	0,142851
36,540000	0,149862
36,550000	0,146675
36,560000	0,147313
36,570000	0,146038
36,580000	0,144763
36,590000	0,147950
36,600000	0,144763
36,610000	0,142214
36,620000	0,143488
36,630000	0,142851
36,640000	0,147313
36,650000	0,141576
36,660000	0,143488
36,670000	0,141576
36,680000	0,143488
36,690000	0,145401
36,700000	0,142851
36,710000	0,146675
36,720000	0,143488
36,730000	0,147313
36,740000	0,146038
36,750000	0,149862
36,760000	0,151137
36,770000	0,147313
36,780000	0,153686
36,790000	0,150499
36,800000	0,154961
36,810000	0,156236
36,820000	0,158785
36,830000	0,159423
36,840000	0,166434
36,850000	0,170258
36,860000	0,170895
36,870000	0,177269
36,880000	0,176631
36,890000	0,176631
36,900000	0,183005
36,910000	0,188741
36,920000	0,191928
36,930000	0,197665
36,940000	0,203401
36,950000	0,213599
36,960000	0,221884
36,970000	0,216786
36,980000	0,233357
36,990000	0,228258
37,000000	0,233994
37,010000	0,238456
37,020000	0,242280
37,030000	0,248654
37,040000	0,245467
37,050000	0,245467
37,060000	0,253753
37,070000	0,246104
37,080000	0,254390
37,090000	0,251203
37,100000	0,253115
37,110000	0,249291
37,120000	0,258214
37,130000	0,255028
37,140000	0,257577
37,150000	0,253753
37,160000	0,256302
37,170000	0,251841
37,180000	0,267775
37,190000	0,261401
37,200000	0,265225
37,210000	0,258852
37,220000	0,266500
37,230000	0,263313
37,240000	0,263313
37,250000	0,265225
37,260000	0,265863
37,270000	0,265225
37,280000	0,267137
37,290000	0,263951
37,300000	0,269687
37,310000	0,263951
37,320000	0,269687
37,330000	0,272236
37,340000	0,272874
37,350000	0,270962
37,360000	0,267775
37,370000	0,270962
37,380000	0,266500
37,390000	0,269050
37,400000	0,267137
37,410000	0,273511
37,420000	0,270324
37,430000	0,265225
37,440000	0,271599
37,450000	0,273511
37,460000	0,276061
37,470000	0,272874
37,480000	0,272236
37,490000	0,275423
37,500000	0,276061
37,510000	0,279247
37,520000	0,278610
37,530000	0,272236
37,540000	0,270324
37,550000	0,271599
37,560000	0,276698
37,570000	0,275423
37,580000	0,277335
37,590000	0,274786
37,600000	0,276698
37,610000	0,277973
37,620000	0,277335
37,630000	0,276061
37,640000	0,285621
37,650000	0,281160
37,660000	0,280522
37,670000	0,277973
37,680000	0,280522
37,690000	0,280522
37,700000	0,287533
37,710000	0,281797
37,720000	0,283072
37,730000	0,278610
37,740000	0,282434
37,750000	0,277973
37,760000	0,280522
37,770000	0,279247
37,780000	0,283072
37,790000	0,283072
37,800000	0,283072
37,810000	0,286896
37,820000	0,286258
37,830000	0,277973
37,840000	0,285621
37,850000	0,284984
37,860000	0,284346
37,870000	0,284984
37,880000	0,284984
37,890000	0,284984
37,900000	0,285621
37,910000	0,281797
37,920000	0,287533
37,930000	0,285621
37,940000	0,286896
37,950000	0,283072
37,960000	0,288808
37,970000	0,286258
37,980000	0,288171
37,990000	0,284346
38,000000	0,283072
38,010000	0,284984
38,020000	0,285621
38,030000	0,287533
38,040000	0,280522
38,050000	0,281797
38,060000	0,285621
38,070000	0,281797
38,080000	0,283072
38,090000	0,281797
38,100000	0,284984
38,110000	0,285621
38,120000	0,286896
38,130000	0,284346
38,140000	0,286258
38,150000	0,285621
38,160000	0,281797
38,170000	0,289445
38,180000	0,283072
38,190000	0,287533
38,200000	0,287533
38,210000	0,287533
38,220000	0,288171
38,230000	0,286258
38,240000	0,288171
38,250000	0,283709
38,260000	0,289445
38,270000	0,284346
38,280000	0,285621
38,290000	0,287533
38,300000	0,287533
38,310000	0,288171
38,320000	0,290083
38,330000	0,283709
38,340000	0,285621
38,350000	0,286258
38,360000	0,288171
38,370000	0,290720
38,380000	0,290083
38,390000	0,289445
38,400000	0,288171
38,410000	0,288171
38,420000	0,291357
38,430000	0,281797
38,440000	0,288808
38,450000	0,281160
38,460000	0,290083
38,470000	0,284346
38,480000	0,285621
38,490000	0,280522
38,500000	0,290083
38,510000	0,284984
38,520000	0,282434
38,530000	0,284346
38,540000	0,285621
38,550000	0,284984
38,560000	0,283709
38,570000	0,288171
38,580000	0,286896
38,590000	0,282434
38,600000	0,288171
38,610000	0,283072
38,620000	0,287533
38,630000	0,286258
38,640000	0,284346
38,650000	0,284346
38,660000	0,288171
38,670000	0,285621
38,680000	0,287533
38,690000	0,285621
38,700000	0,288171
38,710000	0,283072
38,720000	0,285621
38,730000	0,290083
38,740000	0,293269
38,750000	0,289445
38,760000	0,284346
38,770000	0,280522
38,780000	0,289445
38,790000	0,283709
38,800000	0,286896
38,810000	0,284346
38,820000	0,290720
38,830000	0,286896
38,840000	0,289445
38,850000	0,283709
38,860000	0,289445
38,870000	0,288808
38,880000	0,286896
38,890000	0,290720
38,900000	0,286258
38,910000	0,290083
38,920000	0,280522
38,930000	0,292632
38,940000	0,285621
38,950000	0,286896
38,960000	0,290720
38,970000	0,293269
38,980000	0,287533
38,990000	0,285621
39,000000	0,290720
39,010000	0,289445
39,020000	0,281160
39,030000	0,282434
39,040000	0,284984
39,050000	0,287533
39,060000	0,285621
39,070000	0,286896
39,080000	0,285621
39,090000	0,288171
39,100000	0,289445
39,110000	0,288171
39,120000	0,284984
39,130000	0,281797
39,140000	0,290083
39,150000	0,291995
39,160000	0,290083
39,170000	0,291357
39,180000	0,286896
39,190000	0,283072
39,200000	0,289445
39,210000	0,284346
39,220000	0,288171
39,230000	0,291357
39,240000	0,286896
39,250000	0,295819
39,260000	0,293269
39,270000	0,288808
39,280000	0,292632
39,290000	0,290720
39,300000	0,293269
39,310000	0,290720
39,320000	0,305379
39,330000	0,290083
39,340000	0,294544
39,350000	0,291995
39,360000	0,288171
39,370000	0,323226
39,380000	0,291995
39,390000	0,274148
39,400000	0,287533
39,410000	0,289445
39,420000	0,291995
39,430000	0,294544
39,440000	0,312390
39,450000	0,291357
39,460000	0,285621
39,470000	0,289445
39,480000	0,294544
39,490000	0,291357
39,500000	0,292632
39,510000	0,290720
39,520000	0,286896
39,530000	0,290083
39,540000	0,290720
39,550000	0,289445
39,560000	0,288808
39,570000	0,295819
39,580000	0,290083
39,590000	0,290083
39,600000	0,290720
39,610000	0,297094
39,620000	0,292632
39,630000	0,291357
39,640000	0,290720
39,650000	0,290720
39,660000	0,287533
39,670000	0,287533
39,680000	0,292632
39,690000	0,293269
39,700000	0,295182
39,710000	0,284984
39,720000	0,293269
39,730000	0,290720
39,740000	0,299643
39,750000	0,290083
39,760000	0,292632
39,770000	0,288171
39,780000	0,290720
39,790000	0,284984
39,800000	0,294544
39,810000	0,293907
39,820000	0,291995
39,830000	0,288171
39,840000	0,289445
39,850000	0,295819
39,860000	0,294544
39,870000	0,290720
39,880000	0,292632
39,890000	0,293907
39,900000	0,290720
39,910000	0,281160
39,920000	0,290083
39,930000	0,294544
39,940000	0,292632
39,950000	0,296456
39,960000	0,284346
39,970000	0,295819
39,980000	0,290720
39,990000	0,291995
40,000000	0,296456
40,010000	0,292632
40,020000	0,294544
40,030000	0,291357
40,040000	0,293269
40,050000	0,288171
40,060000	0,295182
40,070000	0,293907
40,080000	0,288808
40,090000	0,290083
40,100000	0,286896
40,110000	0,296456
40,120000	0,290083
40,130000	0,287533
40,140000	0,290720
40,150000	0,288808
40,160000	0,296456
40,170000	0,291995
40,180000	0,295182
40,190000	0,289445
40,200000	0,293907
40,210000	0,291995
40,220000	0,293269
40,230000	0,291995
40,240000	0,292632
40,250000	0,288171
40,260000	0,291995
40,270000	0,291357
40,280000	0,291995
40,290000	0,289445
40,300000	0,292632
40,310000	0,290083
40,320000	0,288171
40,330000	0,289445
40,340000	0,293269
40,350000	0,292632
40,360000	0,293907
40,370000	0,292632
40,380000	0,295182
40,390000	0,286896
40,400000	0,295819
40,410000	0,289445
40,420000	0,292632
40,430000	0,293907
40,440000	0,292632
40,450000	0,292632
40,460000	0,295182
40,470000	0,289445
40,480000	0,291357
40,490000	0,291357
40,500000	0,291995
40,510000	0,291357
40,520000	0,292632
40,530000	0,294544
40,540000	0,291357
40,550000	0,293269
40,560000	0,289445
40,570000	0,294544
40,580000	0,291357
40,590000	0,290720
40,600000	0,293269
40,610000	0,287533
40,620000	0,295182
40,630000	0,291995
40,640000	0,295819
40,650000	0,286258
40,660000	0,288808
40,670000	0,288808
40,680000	0,295182
40,690000	0,296456
40,700000	0,291357
40,710000	0,290720
40,720000	0,291357
40,730000	0,290720
40,740000	0,295819
40,750000	0,291357
40,760000	0,291357
40,770000	0,288171
40,780000	0,291357
40,790000	0,292632
40,800000	0,292632
40,810000	0,290083
40,820000	0,290083
40,830000	0,291357
40,840000	0,289445
40,850000	0,293907
40,860000	0,290720
40,870000	0,291995
40,880000	0,288171
40,890000	0,290720
40,900000	0,291995
40,910000	0,292632
40,920000	0,293269
40,930000	0,293269
40,940000	0,290720
40,950000	0,286258
40,960000	0,291995
40,970000	0,284346
40,980000	0,289445
40,990000	0,290720
41,000000	0,293269
41,010000	0,295182
41,020000	0,290720
41,030000	0,291995
41,040000	0,294544
41,050000	0,289445
41,060000	0,290720
41,070000	0,289445
41,080000	0,291995
41,090000	0,286258
41,100000	0,290720
41,110000	0,287533
41,120000	0,291357
41,130000	0,294544
41,140000	0,297094
41,150000	0,287533
41,160000	0,293907
41,170000	0,293269
41,180000	0,296456
41,190000	0,293269
41,200000	0,290083
41,210000	0,292632
41,220000	0,291357
41,230000	0,292632
41,240000	0,297094
41,250000	0,293907
41,260000	0,301555
41,270000	0,290720
41,280000	0,294544
41,290000	0,289445
41,300000	0,295182
41,310000	0,297094
41,320000	0,291357
41,330000	0,294544
41,340000	0,299643
41,350000	0,292632
41,360000	0,297731
41,370000	0,286896
41,380000	0,292632
41,390000	0,292632
41,400000	0,295182
41,410000	0,290083
41,420000	0,289445
41,430000	0,288171
41,440000	0,293907
41,450000	0,290720
41,460000	0,289445
41,470000	0,292632
41,480000	0,293907
41,490000	0,288171
41,500000	0,289445
41,510000	0,285621
41,520000	0,295182
41,530000	0,291995
41,540000	0,298368
41,550000	0,295182
41,560000	0,295819
41,570000	0,290720
41,580000	0,293269
41,590000	0,291995
41,600000	0,291357
41,610000	0,295182
41,620000	0,290083
41,630000	0,296456
41,640000	0,295819
41,650000	0,291995
41,660000	0,294544
41,670000	0,296456
41,680000	0,297731
41,690000	0,295182
41,700000	0,290720
41,710000	0,296456
41,720000	0,290720
41,730000	0,295819
41,740000	0,297094
41,750000	0,288808
41,760000	0,294544
41,770000	0,306017
41,780000	0,293907
41,790000	0,291357
41,800000	0,309204
41,810000	0,293907
41,820000	0,293907
41,830000	0,293907
41,840000	0,290083
41,850000	0,333424
41,860000	0,299643
41,870000	0,346171
41,880000	0,293907
41,890000	0,295819
41,900000	0,288808
41,910000	0,294544
41,920000	0,293269
41,930000	0,295819
41,940000	0,293907
41,950000	0,300918
41,960000	0,297094
41,970000	0,295819
41,980000	0,295182
41,990000	0,300281
