LabVIEW Measurement	
Writer_Version	2
Reader_Version	2
Separator	Tab
Decimal_Separator	,
Multi_Headings	No
X_Columns	One
Time_Pref	Absolute
Operator	lpdan
Date	2026/05/05
Time	11:12:06,0115524833533696037
***End_of_Header***	
	
Channels	1	
Samples	100	
Date	2026/05/05	
Time	11:12:06,0115524833533696037	
Y_Unit_Label	Volts	
X_Dimension	Time	
X0	0,0000000000000000E+0	
Delta_X	0,010000	
***End_of_Header***		
X_Value	Voltage	Comment
0,000000	0,297731
0,010000	0,296456
0,020000	0,312390
0,030000	0,300281
0,040000	0,297094
0,050000	0,285621
0,060000	0,304742
0,070000	0,304105
0,080000	0,290720
0,090000	0,295182
0,100000	0,284346
0,110000	0,303467
0,120000	0,277335
0,130000	0,295819
0,140000	0,295819
0,150000	0,284346
0,160000	0,323226
0,170000	0,267775
0,180000	0,302830
0,190000	0,279885
0,200000	0,257577
0,210000	0,298368
0,220000	0,288808
0,230000	0,281160
0,240000	0,314940
0,250000	0,320676
0,260000	0,291995
0,270000	0,312390
0,280000	0,328325
0,290000	0,304742
0,300000	0,330874
0,310000	0,300918
0,320000	0,311753
0,330000	0,304742
0,340000	0,302193
0,350000	0,303467
0,360000	0,302193
0,370000	0,305379
0,380000	0,290083
0,390000	0,302193
0,400000	0,277973
0,410000	0,308566
0,420000	0,308566
0,430000	0,300281
0,440000	0,328962
0,450000	0,297731
0,460000	0,301555
0,470000	0,296456
0,480000	0,306017
0,490000	0,279885
0,500000	0,322588
0,510000	0,309841
0,520000	0,275423
0,530000	0,306654
0,540000	0,332149
0,550000	0,318764
0,560000	0,325138
0,570000	0,287533
0,580000	0,302193
0,590000	0,366567
0,600000	0,307292
0,610000	0,306017
0,620000	0,307292
0,630000	0,318764
0,640000	0,196390
0,650000	0,303467
0,660000	0,298368
0,670000	0,300918
0,680000	0,300918
0,690000	0,289445
0,700000	0,305379
0,710000	0,323226
0,720000	0,292632
0,730000	0,293269
0,740000	0,308566
0,750000	0,297731
0,760000	0,365929
0,770000	0,305379
0,780000	0,290720
0,790000	0,303467
0,800000	0,299643
0,810000	0,310478
0,820000	0,295819
0,830000	0,308566
0,840000	0,304742
0,850000	0,299643
0,860000	0,311753
0,870000	0,295182
0,880000	0,312390
0,890000	0,301555
0,900000	0,304742
0,910000	0,295182
0,920000	0,307929
0,930000	0,309204
0,940000	0,316215
0,950000	0,297094
0,960000	0,300281
0,970000	0,307292
0,980000	0,318127
0,990000	0,305379
1,000000	0,339160
1,010000	0,299006
1,020000	0,297094
1,030000	0,306654
1,040000	0,307929
1,050000	0,309841
1,060000	0,290083
1,070000	0,307292
1,080000	0,310478
1,090000	0,307929
1,100000	0,332786
1,110000	0,305379
1,120000	0,309841
1,130000	0,304742
1,140000	0,305379
1,150000	0,300918
1,160000	0,308566
1,170000	0,297094
1,180000	0,308566
1,190000	0,294544
1,200000	0,299643
1,210000	0,289445
1,220000	0,302193
1,230000	0,305379
1,240000	0,311116
1,250000	0,303467
1,260000	0,299006
1,270000	0,296456
1,280000	0,302830
1,290000	0,305379
1,300000	0,304105
1,310000	0,306654
1,320000	0,303467
1,330000	0,315577
1,340000	0,300918
1,350000	0,291995
1,360000	0,308566
1,370000	0,302193
1,380000	0,293907
1,390000	0,297731
1,400000	0,293907
1,410000	0,325775
1,420000	0,282434
1,430000	0,322588
1,440000	0,309841
1,450000	0,335336
1,460000	0,308566
1,470000	0,293907
1,480000	0,320039
1,490000	0,308566
1,500000	0,302830
1,510000	0,301555
1,520000	0,306017
1,530000	0,299643
1,540000	0,298368
1,550000	0,291357
1,560000	0,299006
1,570000	0,294544
1,580000	0,305379
1,590000	0,295819
1,600000	0,274148
1,610000	0,306017
1,620000	0,307292
1,630000	0,295182
1,640000	0,295819
1,650000	0,298368
1,660000	0,294544
1,670000	0,300281
1,680000	0,300918
1,690000	0,304105
1,700000	0,302830
1,710000	0,304105
1,720000	0,294544
1,730000	0,300281
1,740000	0,300918
1,750000	0,290083
1,760000	0,297094
1,770000	0,303467
1,780000	0,305379
1,790000	0,300281
1,800000	0,300918
1,810000	0,298368
1,820000	0,295182
1,830000	0,292632
1,840000	0,297094
1,850000	0,286896
1,860000	0,299006
1,870000	0,283709
1,880000	0,299643
1,890000	0,291995
1,900000	0,294544
1,910000	0,297731
1,920000	0,291357
1,930000	0,292632
1,940000	0,300281
1,950000	0,287533
1,960000	0,305379
1,970000	0,297731
1,980000	0,299643
1,990000	0,295182
2,000000	0,302830
2,010000	0,300918
2,020000	0,300918
2,030000	0,299006
2,040000	0,297731
2,050000	0,294544
2,060000	0,299643
2,070000	0,304105
2,080000	0,298368
2,090000	0,304742
2,100000	0,293269
2,110000	0,303467
2,120000	0,299643
2,130000	0,299006
2,140000	0,300918
2,150000	0,297094
2,160000	0,299006
2,170000	0,300918
2,180000	0,299006
2,190000	0,303467
2,200000	0,295182
2,210000	0,304742
2,220000	0,300918
2,230000	0,293269
2,240000	0,297094
2,250000	0,297731
2,260000	0,298368
2,270000	0,300918
2,280000	0,301555
2,290000	0,306654
2,300000	0,304105
2,310000	0,299643
2,320000	0,300281
2,330000	0,293907
2,340000	0,303467
2,350000	0,294544
2,360000	0,300918
2,370000	0,300281
2,380000	0,241005
2,390000	0,300918
2,400000	0,298368
2,410000	0,297731
2,420000	0,300918
2,430000	0,301555
2,440000	0,298368
2,450000	0,300918
2,460000	0,306017
2,470000	0,299643
2,480000	0,296456
2,490000	0,304742
2,500000	0,302830
2,510000	0,306654
2,520000	0,298368
2,530000	0,298368
2,540000	0,300918
2,550000	0,300918
2,560000	0,295819
2,570000	0,299643
2,580000	0,305379
2,590000	0,304105
2,600000	0,297731
2,610000	0,302193
2,620000	0,300918
2,630000	0,300281
2,640000	0,302830
2,650000	0,302830
2,660000	0,297094
2,670000	0,299643
2,680000	0,294544
2,690000	0,304105
2,700000	0,302830
2,710000	0,297731
2,720000	0,300281
2,730000	0,300281
2,740000	0,297731
2,750000	0,309204
2,760000	0,304742
2,770000	0,299643
2,780000	0,306017
2,790000	0,301555
2,800000	0,300918
2,810000	0,303467
2,820000	0,304742
2,830000	0,302193
2,840000	0,301555
2,850000	0,303467
2,860000	0,301555
2,870000	0,300918
2,880000	0,297731
2,890000	0,299643
2,900000	0,302193
2,910000	0,301555
2,920000	0,300918
2,930000	0,303467
2,940000	0,299643
2,950000	0,300918
2,960000	0,303467
2,970000	0,302830
2,980000	0,302193
2,990000	0,297094
3,000000	0,300918
3,010000	0,301555
3,020000	0,302193
3,030000	0,306017
3,040000	0,306654
3,050000	0,295819
3,060000	0,302830
3,070000	0,300918
3,080000	0,302193
3,090000	0,300918
3,100000	0,300918
3,110000	0,299006
3,120000	0,300918
3,130000	0,293269
3,140000	0,297731
3,150000	0,302830
3,160000	0,301555
3,170000	0,297731
3,180000	0,303467
3,190000	0,294544
3,200000	0,306017
3,210000	0,291357
3,220000	0,305379
3,230000	0,297094
3,240000	0,304742
3,250000	0,304742
3,260000	0,300918
3,270000	0,306654
3,280000	0,302830
3,290000	0,300918
3,300000	0,296456
3,310000	0,299643
3,320000	0,299006
3,330000	0,297731
3,340000	0,305379
3,350000	0,302830
3,360000	0,300281
3,370000	0,302830
3,380000	0,295182
3,390000	0,295819
3,400000	0,303467
3,410000	0,297731
3,420000	0,300918
3,430000	0,297731
3,440000	0,298368
3,450000	0,306017
3,460000	0,304105
3,470000	0,301555
3,480000	0,299643
3,490000	0,297731
3,500000	0,298368
3,510000	0,295182
3,520000	0,301555
3,530000	0,299643
3,540000	0,304105
3,550000	0,300918
3,560000	0,303467
3,570000	0,295182
3,580000	0,296456
3,590000	0,295182
3,600000	0,299006
3,610000	0,302193
3,620000	0,306017
3,630000	0,298368
3,640000	0,294544
3,650000	0,296456
3,660000	0,300281
3,670000	0,297731
3,680000	0,303467
3,690000	0,297094
3,700000	0,302193
3,710000	0,304105
3,720000	0,301555
3,730000	0,299643
3,740000	0,294544
3,750000	0,297094
3,760000	0,299643
3,770000	0,295819
3,780000	0,301555
3,790000	0,298368
3,800000	0,298368
3,810000	0,299006
3,820000	0,299643
3,830000	0,300918
3,840000	0,297731
3,850000	0,299006
3,860000	0,305379
3,870000	0,297731
3,880000	0,298368
3,890000	0,297094
3,900000	0,299006
3,910000	0,293269
3,920000	0,300918
3,930000	0,299643
3,940000	0,297731
3,950000	0,296456
3,960000	0,300918
3,970000	0,292632
3,980000	0,298368
3,990000	0,294544
4,000000	0,304105
4,010000	0,295819
4,020000	0,302830
4,030000	0,296456
4,040000	0,299006
4,050000	0,290083
4,060000	0,298368
4,070000	0,297731
4,080000	0,306017
4,090000	0,299643
4,100000	0,300918
4,110000	0,301555
4,120000	0,295819
4,130000	0,297094
4,140000	0,294544
4,150000	0,295182
4,160000	0,300281
4,170000	0,295819
4,180000	0,301555
4,190000	0,297731
4,200000	0,295819
4,210000	0,300918
4,220000	0,299643
4,230000	0,300281
4,240000	0,298368
4,250000	0,298368
4,260000	0,300281
4,270000	0,300918
4,280000	0,299643
4,290000	0,299643
4,300000	0,294544
4,310000	0,303467
4,320000	0,304742
4,330000	0,303467
4,340000	0,299643
4,350000	0,295182
4,360000	0,297731
4,370000	0,295819
4,380000	0,304105
4,390000	0,300281
4,400000	0,299643
4,410000	0,296456
4,420000	0,303467
4,430000	0,289445
4,440000	0,299006
4,450000	0,291995
4,460000	0,296456
4,470000	0,295182
4,480000	0,298368
4,490000	0,302193
4,500000	0,301555
4,510000	0,296456
4,520000	0,304742
4,530000	0,300918
4,540000	0,303467
4,550000	0,298368
4,560000	0,306017
4,570000	0,300918
4,580000	0,300918
4,590000	0,297731
4,600000	0,295819
4,610000	0,296456
4,620000	0,298368
4,630000	0,300918
4,640000	0,296456
4,650000	0,300281
4,660000	0,303467
4,670000	0,299006
4,680000	0,297731
4,690000	0,300918
4,700000	0,298368
4,710000	0,295182
4,720000	0,301555
4,730000	0,295182
4,740000	0,301555
4,750000	0,301555
4,760000	0,306017
4,770000	0,299643
4,780000	0,299643
4,790000	0,299006
4,800000	0,306654
4,810000	0,303467
4,820000	0,301555
4,830000	0,298368
4,840000	0,303467
4,850000	0,301555
4,860000	0,303467
4,870000	0,302830
4,880000	0,301555
4,890000	0,303467
4,900000	0,299643
4,910000	0,295819
4,920000	0,302830
4,930000	0,302830
4,940000	0,300918
4,950000	0,297094
4,960000	0,303467
4,970000	0,300918
4,980000	0,307929
4,990000	0,300281
5,000000	0,302193
5,010000	0,303467
5,020000	0,303467
5,030000	0,303467
5,040000	0,302830
5,050000	0,295819
5,060000	0,309204
5,070000	0,305379
5,080000	0,300918
5,090000	0,302830
5,100000	0,302830
5,110000	0,297731
5,120000	0,301555
5,130000	0,299643
5,140000	0,297731
5,150000	0,294544
5,160000	0,307929
5,170000	0,290720
5,180000	0,303467
5,190000	0,304742
5,200000	0,297731
5,210000	0,299643
5,220000	0,306017
5,230000	0,302830
5,240000	0,306017
5,250000	0,302193
5,260000	0,298368
5,270000	0,299643
5,280000	0,302830
5,290000	0,300918
5,300000	0,297731
5,310000	0,303467
5,320000	0,297094
5,330000	0,299006
5,340000	0,300918
5,350000	0,297731
5,360000	0,305379
5,370000	0,307292
5,380000	0,302193
5,390000	0,302193
5,400000	0,298368
5,410000	0,302830
5,420000	0,300281
5,430000	0,297731
5,440000	0,306654
5,450000	0,302193
5,460000	0,300281
5,470000	0,306017
5,480000	0,302830
5,490000	0,300918
5,500000	0,300918
5,510000	0,300281
5,520000	0,295182
5,530000	0,302830
5,540000	0,306017
5,550000	0,302830
5,560000	0,301555
5,570000	0,299643
5,580000	0,302830
5,590000	0,300918
5,600000	0,302830
5,610000	0,302830
5,620000	0,306017
5,630000	0,304105
5,640000	0,303467
5,650000	0,301555
5,660000	0,298368
5,670000	0,300918
5,680000	0,307929
5,690000	0,296456
5,700000	0,306017
5,710000	0,295182
5,720000	0,303467
5,730000	0,297094
5,740000	0,306654
5,750000	0,291357
5,760000	0,304742
5,770000	0,291995
5,780000	0,303467
5,790000	0,293269
5,800000	0,300918
5,810000	0,296456
5,820000	0,304105
5,830000	0,296456
5,840000	0,302193
5,850000	0,295182
5,860000	0,302830
5,870000	0,299006
5,880000	0,299006
5,890000	0,293269
5,900000	0,300281
5,910000	0,300281
5,920000	0,303467
5,930000	0,299006
5,940000	0,290083
5,950000	0,303467
5,960000	0,290720
5,970000	0,300918
5,980000	0,297731
5,990000	0,302193
6,000000	0,296456
6,010000	0,302830
6,020000	0,297094
6,030000	0,300918
6,040000	0,296456
6,050000	0,301555
6,060000	0,303467
6,070000	0,300918
6,080000	0,299643
6,090000	0,298368
6,100000	0,300281
6,110000	0,295182
6,120000	0,299006
6,130000	0,296456
6,140000	0,293907
6,150000	0,301555
6,160000	0,300281
6,170000	0,297094
6,180000	0,295819
6,190000	0,298368
6,200000	0,297731
6,210000	0,299643
6,220000	0,295182
6,230000	0,294544
6,240000	0,296456
6,250000	0,293269
6,260000	0,297731
6,270000	0,293907
6,280000	0,295819
6,290000	0,299643
6,300000	0,297094
6,310000	0,298368
6,320000	0,293907
6,330000	0,300918
6,340000	0,300918
6,350000	0,303467
6,360000	0,298368
6,370000	0,293269
6,380000	0,299643
6,390000	0,298368
6,400000	0,301555
6,410000	0,303467
6,420000	0,300918
6,430000	0,295182
6,440000	0,294544
6,450000	0,296456
6,460000	0,297731
6,470000	0,293907
6,480000	0,298368
6,490000	0,303467
6,500000	0,299643
6,510000	0,296456
6,520000	0,298368
6,530000	0,300281
6,540000	0,299643
6,550000	0,293907
6,560000	0,302193
6,570000	0,298368
6,580000	0,299643
6,590000	0,297094
6,600000	0,302193
6,610000	0,295182
6,620000	0,300281
6,630000	0,291357
6,640000	0,300918
6,650000	0,293269
6,660000	0,306017
6,670000	0,299006
6,680000	0,301555
6,690000	0,296456
6,700000	0,304105
6,710000	0,294544
6,720000	0,304105
6,730000	0,299006
6,740000	0,304742
6,750000	0,294544
6,760000	0,303467
6,770000	0,299006
6,780000	0,306017
6,790000	0,291995
6,800000	0,304105
6,810000	0,298368
6,820000	0,301555
6,830000	0,297731
6,840000	0,295819
6,850000	0,301555
6,860000	0,305379
6,870000	0,297094
6,880000	0,305379
6,890000	0,301555
6,900000	0,303467
6,910000	0,299006
6,920000	0,306017
6,930000	0,306654
6,940000	0,302193
6,950000	0,299643
6,960000	0,304742
6,970000	0,299643
6,980000	0,312390
6,990000	0,295819
7,000000	0,306017
7,010000	0,300281
7,020000	0,303467
7,030000	0,298368
7,040000	0,304105
7,050000	0,306654
7,060000	0,300918
7,070000	0,300281
7,080000	0,302193
7,090000	0,299643
7,100000	0,302830
7,110000	0,293907
7,120000	0,300918
7,130000	0,294544
7,140000	0,303467
7,150000	0,304742
7,160000	0,301555
7,170000	0,300281
7,180000	0,305379
7,190000	0,300918
7,200000	0,301555
7,210000	0,299643
7,220000	0,299643
7,230000	0,301555
7,240000	0,303467
7,250000	0,295819
7,260000	0,306017
7,270000	0,304742
7,280000	0,297094
7,290000	0,302830
7,300000	0,304742
7,310000	0,300918
7,320000	0,306017
7,330000	0,302830
7,340000	0,304105
7,350000	0,300918
7,360000	0,299006
7,370000	0,303467
7,380000	0,300918
7,390000	0,296456
7,400000	0,304742
7,410000	0,302830
7,420000	0,307929
7,430000	0,300918
7,440000	0,302830
7,450000	0,298368
7,460000	0,306654
7,470000	0,300281
7,480000	0,301555
7,490000	0,306654
7,500000	0,298368
7,510000	0,302830
7,520000	0,295819
7,530000	0,302193
7,540000	0,300918
7,550000	0,299643
7,560000	0,303467
7,570000	0,296456
7,580000	0,300281
7,590000	0,302830
7,600000	0,303467
7,610000	0,300918
7,620000	0,297731
7,630000	0,300918
7,640000	0,297094
7,650000	0,301555
7,660000	0,302193
7,670000	0,299643
7,680000	0,302830
7,690000	0,302830
7,700000	0,302193
7,710000	0,295182
7,720000	0,300918
7,730000	0,297731
7,740000	0,306017
7,750000	0,297094
7,760000	0,304105
7,770000	0,297731
7,780000	0,299006
7,790000	0,297094
7,800000	0,301555
7,810000	0,297094
7,820000	0,300281
7,830000	0,296456
7,840000	0,302830
7,850000	0,295182
7,860000	0,303467
7,870000	0,294544
7,880000	0,305379
7,890000	0,295819
7,900000	0,304742
7,910000	0,294544
7,920000	0,304105
7,930000	0,295819
7,940000	0,299643
7,950000	0,295182
7,960000	0,299643
7,970000	0,295819
7,980000	0,297094
7,990000	0,300281
8,000000	0,301555
8,010000	0,299006
8,020000	0,298368
8,030000	0,297731
8,040000	0,298368
8,050000	0,293269
8,060000	0,300281
8,070000	0,295819
8,080000	0,297731
8,090000	0,291995
8,100000	0,284984
8,110000	0,284346
8,120000	0,277335
8,130000	0,275423
8,140000	0,262676
8,150000	0,256302
8,160000	0,249929
8,170000	0,247379
8,180000	0,239093
8,190000	0,235269
8,200000	0,235269
8,210000	0,228258
8,220000	0,219335
8,230000	0,214236
8,240000	0,215511
8,250000	0,214236
8,260000	0,207862
8,270000	0,208500
8,280000	0,205313
8,290000	0,198939
8,300000	0,197665
8,310000	0,198302
8,320000	0,191928
8,330000	0,186192
8,340000	0,187467
8,350000	0,187467
8,360000	0,183005
8,370000	0,180456
8,380000	0,180456
8,390000	0,178544
8,400000	0,180456
8,410000	0,175357
8,420000	0,176631
8,430000	0,173445
8,440000	0,170895
8,450000	0,171533
8,460000	0,171533
8,470000	0,171533
8,480000	0,170258
8,490000	0,167708
8,500000	0,167071
8,510000	0,165159
8,520000	0,161972
8,530000	0,167708
8,540000	0,163884
8,550000	0,160697
8,560000	0,164522
8,570000	0,159423
8,580000	0,157511
8,590000	0,158148
8,600000	0,157511
8,610000	0,156873
8,620000	0,158785
8,630000	0,160697
8,640000	0,158148
8,650000	0,159423
8,660000	0,161972
8,670000	0,160060
8,680000	0,158785
8,690000	0,163247
8,700000	0,157511
8,710000	0,158785
8,720000	0,158148
8,730000	0,154324
8,740000	0,157511
8,750000	0,154324
8,760000	0,154961
8,770000	0,154961
8,780000	0,153686
8,790000	0,151774
8,800000	0,153049
8,810000	0,150499
8,820000	0,154961
8,830000	0,152412
8,840000	0,156236
8,850000	0,153049
8,860000	0,153686
8,870000	0,153686
8,880000	0,153686
8,890000	0,153049
8,900000	0,154961
8,910000	0,151774
8,920000	0,156873
8,930000	0,154961
8,940000	0,154961
8,950000	0,154961
8,960000	0,162609
8,970000	0,156873
8,980000	0,161972
8,990000	0,158785
9,000000	0,165159
9,010000	0,160697
9,020000	0,168346
9,030000	0,167071
9,040000	0,170895
9,050000	0,165159
9,060000	0,174719
9,070000	0,172170
9,080000	0,179818
9,090000	0,178544
9,100000	0,181093
9,110000	0,182368
9,120000	0,186192
9,130000	0,191291
9,140000	0,195752
9,150000	0,197027
9,160000	0,205950
9,170000	0,207225
9,180000	0,211049
9,190000	0,211687
9,200000	0,221884
9,210000	0,225071
9,220000	0,234632
9,230000	0,242280
9,240000	0,245467
9,250000	0,250566
9,260000	0,258852
9,270000	0,259489
9,280000	0,265863
9,290000	0,265225
9,300000	0,270324
9,310000	0,270962
9,320000	0,273511
9,330000	0,277973
9,340000	0,275423
9,350000	0,277973
9,360000	0,274148
9,370000	0,275423
9,380000	0,270962
9,390000	0,263951
9,400000	0,257577
9,410000	0,246104
9,420000	0,242918
9,430000	0,242918
9,440000	0,228258
9,450000	0,229533
9,460000	0,221884
9,470000	0,223797
9,480000	0,209137
9,490000	0,209775
9,500000	0,202126
9,510000	0,204038
9,520000	0,198302
9,530000	0,196390
9,540000	0,189379
9,550000	0,191928
9,560000	0,186829
9,570000	0,192566
9,580000	0,180456
9,590000	0,181093
9,600000	0,177269
9,610000	0,178544
9,620000	0,175357
9,630000	0,174719
9,640000	0,168983
9,650000	0,168983
9,660000	0,172807
9,670000	0,168346
9,680000	0,168346
9,690000	0,167071
9,700000	0,166434
9,710000	0,163247
9,720000	0,160697
9,730000	0,165796
9,740000	0,160697
9,750000	0,162609
9,760000	0,162609
9,770000	0,159423
9,780000	0,161972
9,790000	0,159423
9,800000	0,160697
9,810000	0,156236
9,820000	0,157511
9,830000	0,156236
9,840000	0,156873
9,850000	0,155598
9,860000	0,156873
9,870000	0,154961
9,880000	0,154324
9,890000	0,154324
9,900000	0,154961
9,910000	0,154961
9,920000	0,155598
9,930000	0,153049
9,940000	0,154324
9,950000	0,154961
9,960000	0,154961
9,970000	0,156873
9,980000	0,150499
9,990000	0,152412
10,000000	0,154324
10,010000	0,149862
10,020000	0,153049
10,030000	0,153049
10,040000	0,149862
10,050000	0,149862
10,060000	0,151137
10,070000	0,149862
10,080000	0,149862
10,090000	0,150499
10,100000	0,153049
10,110000	0,147313
10,120000	0,147950
10,130000	0,149225
10,140000	0,150499
10,150000	0,148587
10,160000	0,151774
10,170000	0,150499
10,180000	0,154961
10,190000	0,153049
10,200000	0,154961
10,210000	0,153049
10,220000	0,159423
10,230000	0,157511
10,240000	0,159423
10,250000	0,155598
10,260000	0,163247
10,270000	0,160697
10,280000	0,167071
10,290000	0,161972
10,300000	0,168983
10,310000	0,172170
10,320000	0,172170
10,330000	0,170895
10,340000	0,179181
10,350000	0,175357
10,360000	0,183643
10,370000	0,179818
10,380000	0,188741
10,390000	0,183643
10,400000	0,196390
10,410000	0,199577
10,420000	0,202763
10,430000	0,206588
10,440000	0,211687
10,450000	0,216148
10,460000	0,221247
10,470000	0,225071
10,480000	0,233357
10,490000	0,235907
10,500000	0,242280
10,510000	0,242918
10,520000	0,252478
10,530000	0,251203
10,540000	0,253753
10,550000	0,256302
10,560000	0,263951
10,570000	0,258214
10,580000	0,262676
10,590000	0,262039
10,600000	0,265225
10,610000	0,265225
10,620000	0,272874
10,630000	0,262676
10,640000	0,262676
10,650000	0,256302
10,660000	0,256940
10,670000	0,243555
10,680000	0,241643
10,690000	0,228896
10,700000	0,224434
10,710000	0,218060
10,720000	0,219335
10,730000	0,210412
10,740000	0,209137
10,750000	0,204676
10,760000	0,199577
10,770000	0,191928
10,780000	0,193840
10,790000	0,189379
10,800000	0,185555
10,810000	0,187467
10,820000	0,183005
10,830000	0,183643
10,840000	0,181093
10,850000	0,177906
10,860000	0,177906
10,870000	0,177269
10,880000	0,175994
10,890000	0,170895
10,900000	0,170895
10,910000	0,168983
10,920000	0,168346
10,930000	0,167071
10,940000	0,167071
10,950000	0,163884
10,960000	0,165159
10,970000	0,161335
10,980000	0,158785
10,990000	0,156873
11,000000	0,161972
11,010000	0,156236
11,020000	0,162609
11,030000	0,158148
11,040000	0,158785
11,050000	0,155598
11,060000	0,157511
11,070000	0,156236
11,080000	0,157511
11,090000	0,157511
11,100000	0,158148
11,110000	0,154961
11,120000	0,154324
11,130000	0,151137
11,140000	0,159423
11,150000	0,153049
11,160000	0,151137
11,170000	0,155598
11,180000	0,154324
11,190000	0,152412
11,200000	0,156236
11,210000	0,154324
11,220000	0,155598
11,230000	0,153049
11,240000	0,151774
11,250000	0,152412
11,260000	0,153049
11,270000	0,153049
11,280000	0,154324
11,290000	0,153049
11,300000	0,147950
11,310000	0,147313
11,320000	0,150499
11,330000	0,151774
11,340000	0,151137
11,350000	0,152412
11,360000	0,154961
11,370000	0,149225
11,380000	0,148587
11,390000	0,153686
11,400000	0,152412
11,410000	0,151137
11,420000	0,157511
11,430000	0,153049
11,440000	0,153049
11,450000	0,154324
11,460000	0,154961
11,470000	0,154324
11,480000	0,159423
11,490000	0,158785
11,500000	0,160060
11,510000	0,162609
11,520000	0,167071
11,530000	0,163884
11,540000	0,166434
11,550000	0,165796
11,560000	0,168983
11,570000	0,170895
11,580000	0,176631
11,590000	0,177269
11,600000	0,177269
11,610000	0,181730
11,620000	0,185555
11,630000	0,189379
11,640000	0,190016
11,650000	0,195115
11,660000	0,196390
11,670000	0,203401
11,680000	0,208500
11,690000	0,208500
11,700000	0,218060
11,710000	0,224434
11,720000	0,227621
11,730000	0,229533
11,740000	0,237819
11,750000	0,245467
11,760000	0,246742
11,770000	0,254390
11,780000	0,253753
11,790000	0,254390
11,800000	0,256940
11,810000	0,255665
11,820000	0,262676
11,830000	0,261401
11,840000	0,267137
11,850000	0,267137
11,860000	0,262039
11,870000	0,268412
11,880000	0,271599
11,890000	0,267775
11,900000	0,264588
11,910000	0,258214
11,920000	0,251841
11,930000	0,246104
11,940000	0,242918
11,950000	0,235269
11,960000	0,226346
11,970000	0,221884
11,980000	0,219972
11,990000	0,211687
12,000000	0,209137
12,010000	0,202763
12,020000	0,197665
12,030000	0,199577
12,040000	0,191928
12,050000	0,194478
12,060000	0,185555
12,070000	0,185555
12,080000	0,185555
12,090000	0,179818
12,100000	0,175994
12,110000	0,173445
12,120000	0,175357
12,130000	0,172170
12,140000	0,171533
12,150000	0,167708
12,160000	0,165796
12,170000	0,168346
12,180000	0,165159
12,190000	0,162609
12,200000	0,165796
12,210000	0,160697
12,220000	0,168346
12,230000	0,160060
12,240000	0,159423
12,250000	0,158148
12,260000	0,161335
12,270000	0,154324
12,280000	0,160060
12,290000	0,156873
12,300000	0,157511
12,310000	0,149862
12,320000	0,155598
12,330000	0,150499
12,340000	0,156236
12,350000	0,154961
12,360000	0,156873
12,370000	0,151774
12,380000	0,151774
12,390000	0,151137
12,400000	0,155598
12,410000	0,151774
12,420000	0,153686
12,430000	0,151774
12,440000	0,151774
12,450000	0,152412
12,460000	0,153049
12,470000	0,153686
12,480000	0,151774
12,490000	0,147950
12,500000	0,150499
12,510000	0,148587
12,520000	0,153049
12,530000	0,153049
12,540000	0,152412
12,550000	0,147313
12,560000	0,146038
12,570000	0,144126
12,580000	0,149862
12,590000	0,146038
12,600000	0,150499
12,610000	0,145401
12,620000	0,149862
12,630000	0,146038
12,640000	0,151137
12,650000	0,147950
12,660000	0,148587
12,670000	0,149225
12,680000	0,153049
12,690000	0,149225
12,700000	0,152412
12,710000	0,148587
12,720000	0,153686
12,730000	0,152412
12,740000	0,157511
12,750000	0,158148
12,760000	0,160697
12,770000	0,155598
12,780000	0,162609
12,790000	0,158785
12,800000	0,164522
12,810000	0,160697
12,820000	0,167708
12,830000	0,168983
12,840000	0,172807
12,850000	0,174082
12,860000	0,174719
12,870000	0,178544
12,880000	0,182368
12,890000	0,186192
12,900000	0,189379
12,910000	0,197027
12,920000	0,195752
12,930000	0,204676
12,940000	0,207862
12,950000	0,211687
12,960000	0,215511
12,970000	0,226983
12,980000	0,222522
12,990000	0,235269
13,000000	0,235907
13,010000	0,244192
13,020000	0,242918
13,030000	0,253115
13,040000	0,251841
13,050000	0,252478
13,060000	0,255028
13,070000	0,255665
13,080000	0,260764
13,090000	0,259489
13,100000	0,262676
13,110000	0,265225
13,120000	0,262676
13,130000	0,262676
13,140000	0,265225
13,150000	0,267137
13,160000	0,258214
13,170000	0,256302
13,180000	0,249291
13,190000	0,242918
13,200000	0,236544
13,210000	0,234632
13,220000	0,225071
13,230000	0,217423
13,240000	0,218060
13,250000	0,212324
13,260000	0,211049
13,270000	0,203401
13,280000	0,201489
13,290000	0,198302
13,300000	0,192566
13,310000	0,191928
13,320000	0,189379
13,330000	0,186192
13,340000	0,185555
13,350000	0,184280
13,360000	0,179818
13,370000	0,175994
13,380000	0,173445
13,390000	0,171533
13,400000	0,172807
13,410000	0,172807
13,420000	0,170258
13,430000	0,168346
13,440000	0,168346
13,450000	0,167708
13,460000	0,167071
13,470000	0,165796
13,480000	0,165159
13,490000	0,161335
13,500000	0,163247
13,510000	0,160060
13,520000	0,162609
13,530000	0,160060
13,540000	0,160697
13,550000	0,156873
13,560000	0,158785
13,570000	0,154324
13,580000	0,155598
13,590000	0,155598
13,600000	0,155598
13,610000	0,153049
13,620000	0,157511
13,630000	0,153049
13,640000	0,155598
13,650000	0,151774
13,660000	0,154961
13,670000	0,154324
13,680000	0,158148
13,690000	0,153049
13,700000	0,153686
13,710000	0,154961
13,720000	0,153686
13,730000	0,153049
13,740000	0,153686
13,750000	0,153686
13,760000	0,154324
13,770000	0,153686
13,780000	0,151774
13,790000	0,147950
13,800000	0,149862
13,810000	0,149862
13,820000	0,150499
13,830000	0,149225
13,840000	0,149862
13,850000	0,146038
13,860000	0,150499
13,870000	0,146038
13,880000	0,151137
13,890000	0,153049
13,900000	0,152412
13,910000	0,148587
13,920000	0,151774
13,930000	0,149225
13,940000	0,154961
13,950000	0,150499
13,960000	0,156236
13,970000	0,149225
13,980000	0,155598
13,990000	0,155598
14,000000	0,156873
14,010000	0,154961
14,020000	0,158148
14,030000	0,159423
14,040000	0,163884
14,050000	0,160697
14,060000	0,165159
14,070000	0,163884
14,080000	0,171533
14,090000	0,170895
14,100000	0,170258
14,110000	0,175994
14,120000	0,175994
14,130000	0,179818
14,140000	0,186829
14,150000	0,187467
14,160000	0,193840
14,170000	0,194478
14,180000	0,195115
14,190000	0,202126
14,200000	0,211049
14,210000	0,212961
14,220000	0,216148
14,230000	0,221884
14,240000	0,228258
14,250000	0,230170
14,260000	0,236544
14,270000	0,238456
14,280000	0,246104
14,290000	0,247379
14,300000	0,253753
14,310000	0,244830
14,320000	0,254390
14,330000	0,251203
14,340000	0,256940
14,350000	0,256940
14,360000	0,257577
14,370000	0,255665
14,380000	0,266500
14,390000	0,258852
14,400000	0,260126
14,410000	0,259489
14,420000	0,260126
14,430000	0,254390
14,440000	0,246742
14,450000	0,238456
14,460000	0,232720
14,470000	0,229533
14,480000	0,224434
14,490000	0,218060
14,500000	0,215511
14,510000	0,207225
14,520000	0,206588
14,530000	0,199577
14,540000	0,196390
14,550000	0,196390
14,560000	0,190016
14,570000	0,191291
14,580000	0,185555
14,590000	0,180456
14,600000	0,183005
14,610000	0,181730
14,620000	0,172807
14,630000	0,172170
14,640000	0,168346
14,650000	0,171533
14,660000	0,168346
14,670000	0,170258
14,680000	0,164522
14,690000	0,165796
14,700000	0,161972
14,710000	0,163247
14,720000	0,161335
14,730000	0,160697
14,740000	0,159423
14,750000	0,158785
14,760000	0,156873
14,770000	0,157511
14,780000	0,156236
14,790000	0,154961
14,800000	0,156873
14,810000	0,155598
14,820000	0,154324
14,830000	0,152412
14,840000	0,154961
14,850000	0,154324
14,860000	0,153686
14,870000	0,154961
14,880000	0,147313
14,890000	0,153049
14,900000	0,151137
14,910000	0,151774
14,920000	0,150499
14,930000	0,152412
14,940000	0,153049
14,950000	0,156236
14,960000	0,147950
14,970000	0,153686
14,980000	0,151137
14,990000	0,154961
15,000000	0,151774
15,010000	0,148587
15,020000	0,150499
15,030000	0,148587
15,040000	0,147950
15,050000	0,147950
15,060000	0,148587
15,070000	0,149225
15,080000	0,147313
15,090000	0,146038
15,100000	0,147950
15,110000	0,147313
15,120000	0,144763
15,130000	0,153049
15,140000	0,147950
15,150000	0,147950
15,160000	0,144126
15,170000	0,148587
15,180000	0,150499
15,190000	0,153049
15,200000	0,151137
15,210000	0,153049
15,220000	0,151774
15,230000	0,151137
15,240000	0,154324
15,250000	0,155598
15,260000	0,153049
15,270000	0,156236
15,280000	0,158785
15,290000	0,158785
15,300000	0,157511
15,310000	0,163884
15,320000	0,163884
15,330000	0,164522
15,340000	0,166434
15,350000	0,172807
15,360000	0,172170
15,370000	0,174719
15,380000	0,178544
15,390000	0,183005
15,400000	0,184280
15,410000	0,187467
15,420000	0,190654
15,430000	0,197665
15,440000	0,197665
15,450000	0,207862
15,460000	0,209775
15,470000	0,218698
15,480000	0,218698
15,490000	0,228896
15,500000	0,230170
15,510000	0,238456
15,520000	0,236544
15,530000	0,248654
15,540000	0,248016
15,550000	0,251841
15,560000	0,254390
15,570000	0,255028
15,580000	0,253753
15,590000	0,256302
15,600000	0,260126
15,610000	0,255028
15,620000	0,261401
15,630000	0,267775
15,640000	0,264588
15,650000	0,264588
15,660000	0,267137
15,670000	0,266500
15,680000	0,266500
15,690000	0,258214
15,700000	0,254390
15,710000	0,249291
15,720000	0,242918
15,730000	0,233357
15,740000	0,228896
15,750000	0,220610
15,760000	0,218698
15,770000	0,213599
15,780000	0,207862
15,790000	0,201489
15,800000	0,200851
15,810000	0,196390
15,820000	0,193203
15,830000	0,190016
15,840000	0,186192
15,850000	0,187467
15,860000	0,186192
15,870000	0,175357
15,880000	0,178544
15,890000	0,177269
15,900000	0,179181
15,910000	0,172807
15,920000	0,174082
15,930000	0,166434
15,940000	0,168983
15,950000	0,167071
15,960000	0,165159
15,970000	0,165796
15,980000	0,160697
15,990000	0,161335
16,000000	0,161972
16,010000	0,161335
16,020000	0,158148
16,030000	0,158148
16,040000	0,160697
16,050000	0,160697
16,060000	0,154961
16,070000	0,153686
16,080000	0,154961
16,090000	0,158148
16,100000	0,156873
16,110000	0,153686
16,120000	0,154961
16,130000	0,153049
16,140000	0,154961
16,150000	0,154324
16,160000	0,154324
16,170000	0,151774
16,180000	0,154324
16,190000	0,152412
16,200000	0,153049
16,210000	0,150499
16,220000	0,150499
16,230000	0,153049
16,240000	0,153686
16,250000	0,153049
16,260000	0,152412
16,270000	0,150499
16,280000	0,151774
16,290000	0,147950
16,300000	0,149862
16,310000	0,149862
16,320000	0,147313
16,330000	0,150499
16,340000	0,146038
16,350000	0,149862
16,360000	0,146675
16,370000	0,148587
16,380000	0,146038
16,390000	0,151137
16,400000	0,145401
16,410000	0,146675
16,420000	0,147313
16,430000	0,147950
16,440000	0,147950
16,450000	0,153049
16,460000	0,146038
16,470000	0,152412
16,480000	0,147950
16,490000	0,153686
16,500000	0,147950
16,510000	0,155598
16,520000	0,149862
16,530000	0,158148
16,540000	0,154324
16,550000	0,161335
16,560000	0,156873
16,570000	0,164522
16,580000	0,161972
16,590000	0,167708
16,600000	0,165796
16,610000	0,172170
16,620000	0,170258
16,630000	0,175357
16,640000	0,176631
16,650000	0,179181
16,660000	0,182368
16,670000	0,188104
16,680000	0,191291
16,690000	0,197665
16,700000	0,198302
16,710000	0,201489
16,720000	0,204676
16,730000	0,214236
16,740000	0,216786
16,750000	0,226983
16,760000	0,225071
16,770000	0,233994
16,780000	0,233994
16,790000	0,239731
16,800000	0,240368
16,810000	0,247379
16,820000	0,243555
16,830000	0,247379
16,840000	0,248016
16,850000	0,255665
16,860000	0,253753
16,870000	0,259489
16,880000	0,256302
16,890000	0,257577
16,900000	0,258852
16,910000	0,260126
16,920000	0,256940
16,930000	0,264588
16,940000	0,255665
16,950000	0,254390
16,960000	0,241005
16,970000	0,238456
16,980000	0,232082
16,990000	0,231445
17,000000	0,222522
17,010000	0,216786
17,020000	0,209137
17,030000	0,211049
17,040000	0,206588
17,050000	0,202763
17,060000	0,196390
17,070000	0,195752
17,080000	0,190654
17,090000	0,183005
17,100000	0,185555
17,110000	0,183643
17,120000	0,179181
17,130000	0,176631
17,140000	0,178544
17,150000	0,170895
17,160000	0,174082
17,170000	0,168983
17,180000	0,167708
17,190000	0,168346
17,200000	0,170258
17,210000	0,167708
17,220000	0,162609
17,230000	0,163247
17,240000	0,163247
17,250000	0,162609
17,260000	0,161972
17,270000	0,161972
17,280000	0,157511
17,290000	0,156236
17,300000	0,155598
17,310000	0,158148
17,320000	0,158148
17,330000	0,158148
17,340000	0,158148
17,350000	0,155598
17,360000	0,154961
17,370000	0,153049
17,380000	0,151774
17,390000	0,155598
17,400000	0,154961
17,410000	0,150499
17,420000	0,156873
17,430000	0,153049
17,440000	0,153049
17,450000	0,150499
17,460000	0,150499
17,470000	0,150499
17,480000	0,156873
17,490000	0,151137
17,500000	0,153049
17,510000	0,151774
17,520000	0,150499
17,530000	0,148587
17,540000	0,149862
17,550000	0,152412
17,560000	0,150499
17,570000	0,148587
17,580000	0,151137
17,590000	0,149225
17,600000	0,153686
17,610000	0,147950
17,620000	0,149862
17,630000	0,147313
17,640000	0,150499
17,650000	0,146675
17,660000	0,149225
17,670000	0,146038
17,680000	0,151774
17,690000	0,145401
17,700000	0,154324
17,710000	0,147950
17,720000	0,156873
17,730000	0,150499
17,740000	0,158148
17,750000	0,152412
17,760000	0,157511
17,770000	0,153686
17,780000	0,158148
17,790000	0,155598
17,800000	0,160697
17,810000	0,158148
17,820000	0,164522
17,830000	0,163884
17,840000	0,165796
17,850000	0,168346
17,860000	0,168983
17,870000	0,172807
17,880000	0,174082
17,890000	0,175994
17,900000	0,179818
17,910000	0,178544
17,920000	0,189379
17,930000	0,192566
17,940000	0,192566
17,950000	0,196390
17,960000	0,203401
17,970000	0,206588
17,980000	0,211687
17,990000	0,219335
18,000000	0,223159
18,010000	0,226346
18,020000	0,233994
18,030000	0,233994
18,040000	0,239731
18,050000	0,243555
18,060000	0,250566
18,070000	0,249291
18,080000	0,248016
18,090000	0,255028
18,100000	0,255028
18,110000	0,256940
18,120000	0,258214
18,130000	0,258852
18,140000	0,262676
18,150000	0,262676
18,160000	0,260764
18,170000	0,261401
18,180000	0,263313
18,190000	0,257577
18,200000	0,262676
18,210000	0,253753
18,220000	0,250566
18,230000	0,241643
18,240000	0,237819
18,250000	0,230808
18,260000	0,224434
18,270000	0,218060
18,280000	0,218060
18,290000	0,211049
18,300000	0,209137
18,310000	0,204038
18,320000	0,198939
18,330000	0,194478
18,340000	0,192566
18,350000	0,189379
18,360000	0,186829
18,370000	0,185555
18,380000	0,182368
18,390000	0,180456
18,400000	0,181093
18,410000	0,171533
18,420000	0,172807
18,430000	0,169620
18,440000	0,171533
18,450000	0,167708
18,460000	0,169620
18,470000	0,165159
18,480000	0,163884
18,490000	0,156873
18,500000	0,163247
18,510000	0,160060
18,520000	0,159423
18,530000	0,156236
18,540000	0,158148
18,550000	0,159423
18,560000	0,156236
18,570000	0,153049
18,580000	0,154961
18,590000	0,154324
18,600000	0,153686
18,610000	0,151774
18,620000	0,151137
18,630000	0,153049
18,640000	0,153049
18,650000	0,152412
18,660000	0,150499
18,670000	0,153049
18,680000	0,148587
18,690000	0,151137
18,700000	0,150499
18,710000	0,147950
18,720000	0,149862
18,730000	0,149225
18,740000	0,149225
18,750000	0,151137
18,760000	0,152412
18,770000	0,147313
18,780000	0,148587
18,790000	0,149862
18,800000	0,147313
18,810000	0,148587
18,820000	0,148587
18,830000	0,149225
18,840000	0,147313
18,850000	0,146675
18,860000	0,146038
18,870000	0,144763
18,880000	0,148587
18,890000	0,146675
18,900000	0,149225
18,910000	0,144763
18,920000	0,147950
18,930000	0,144126
18,940000	0,147313
18,950000	0,146675
18,960000	0,149862
18,970000	0,146675
18,980000	0,153049
18,990000	0,147950
19,000000	0,153049
19,010000	0,153049
19,020000	0,152412
19,030000	0,153049
19,040000	0,155598
19,050000	0,156236
19,060000	0,160697
19,070000	0,156236
19,080000	0,162609
19,090000	0,161972
19,100000	0,164522
19,110000	0,162609
19,120000	0,165159
19,130000	0,172170
19,140000	0,170258
19,150000	0,175994
19,160000	0,178544
19,170000	0,178544
19,180000	0,183643
19,190000	0,186192
19,200000	0,191928
19,210000	0,190654
19,220000	0,201489
19,230000	0,198939
19,240000	0,211687
19,250000	0,209137
19,260000	0,224434
19,270000	0,223159
19,280000	0,232082
19,290000	0,232082
19,300000	0,239093
19,310000	0,239731
19,320000	0,244830
19,330000	0,244830
19,340000	0,252478
19,350000	0,245467
19,360000	0,255665
19,370000	0,250566
19,380000	0,257577
19,390000	0,251203
19,400000	0,262676
19,410000	0,256302
19,420000	0,264588
19,430000	0,255028
19,440000	0,267775
19,450000	0,253753
19,460000	0,262676
19,470000	0,254390
19,480000	0,256302
19,490000	0,241643
19,500000	0,239093
19,510000	0,231445
19,520000	0,231445
19,530000	0,218698
19,540000	0,218060
19,550000	0,209137
19,560000	0,209775
19,570000	0,201489
19,580000	0,204038
19,590000	0,192566
19,600000	0,195752
19,610000	0,187467
19,620000	0,191291
19,630000	0,185555
19,640000	0,185555
19,650000	0,180456
19,660000	0,179818
19,670000	0,174719
19,680000	0,176631
19,690000	0,172807
19,700000	0,172807
19,710000	0,166434
19,720000	0,174082
19,730000	0,165159
19,740000	0,168346
19,750000	0,165159
19,760000	0,168346
19,770000	0,161335
19,780000	0,161972
19,790000	0,158148
19,800000	0,162609
19,810000	0,157511
19,820000	0,161972
19,830000	0,158148
19,840000	0,160697
19,850000	0,154961
19,860000	0,156236
19,870000	0,154961
19,880000	0,156236
19,890000	0,154961
19,900000	0,155598
19,910000	0,153049
19,920000	0,154961
19,930000	0,150499
19,940000	0,156236
19,950000	0,151137
19,960000	0,151774
19,970000	0,151137
19,980000	0,153686
19,990000	0,152412
20,000000	0,153686
20,010000	0,153686
20,020000	0,155598
20,030000	0,149862
20,040000	0,153049
20,050000	0,150499
20,060000	0,153686
20,070000	0,147950
20,080000	0,151137
20,090000	0,149225
20,100000	0,151774
20,110000	0,146675
20,120000	0,150499
20,130000	0,146038
20,140000	0,149225
20,150000	0,147313
20,160000	0,147950
20,170000	0,144126
20,180000	0,151774
20,190000	0,145401
20,200000	0,152412
20,210000	0,147950
20,220000	0,150499
20,230000	0,147313
20,240000	0,151774
20,250000	0,146675
20,260000	0,155598
20,270000	0,150499
20,280000	0,155598
20,290000	0,153049
20,300000	0,156873
20,310000	0,156236
20,320000	0,159423
20,330000	0,158785
20,340000	0,162609
20,350000	0,162609
20,360000	0,167071
20,370000	0,166434
20,380000	0,170895
20,390000	0,170258
20,400000	0,168983
20,410000	0,174082
20,420000	0,178544
20,430000	0,178544
20,440000	0,183005
20,450000	0,183005
20,460000	0,190016
20,470000	0,193840
20,480000	0,196390
20,490000	0,202126
20,500000	0,208500
20,510000	0,213599
20,520000	0,222522
20,530000	0,221884
20,540000	0,230170
20,550000	0,227621
20,560000	0,236544
20,570000	0,239731
20,580000	0,243555
20,590000	0,242280
20,600000	0,251203
20,610000	0,244192
20,620000	0,253115
20,630000	0,245467
20,640000	0,255028
20,650000	0,244830
20,660000	0,260126
20,670000	0,248654
20,680000	0,263951
20,690000	0,252478
20,700000	0,265863
20,710000	0,253753
20,720000	0,260126
20,730000	0,249291
20,740000	0,248654
20,750000	0,239731
20,760000	0,239093
20,770000	0,226983
20,780000	0,228258
20,790000	0,215511
20,800000	0,217423
20,810000	0,205313
20,820000	0,207225
20,830000	0,196390
20,840000	0,198302
20,850000	0,191928
20,860000	0,193203
20,870000	0,186192
20,880000	0,185555
20,890000	0,181730
20,900000	0,181093
20,910000	0,175357
20,920000	0,177906
20,930000	0,172807
20,940000	0,174719
20,950000	0,168346
20,960000	0,171533
20,970000	0,166434
20,980000	0,170258
20,990000	0,161972
21,000000	0,164522
21,010000	0,161972
21,020000	0,165159
21,030000	0,158148
21,040000	0,165796
21,050000	0,155598
21,060000	0,159423
21,070000	0,153049
21,080000	0,159423
21,090000	0,150499
21,100000	0,158148
21,110000	0,150499
21,120000	0,158148
21,130000	0,151137
21,140000	0,158148
21,150000	0,149225
21,160000	0,153049
21,170000	0,148587
21,180000	0,157511
21,190000	0,148587
21,200000	0,153049
21,210000	0,145401
21,220000	0,153049
21,230000	0,149862
21,240000	0,153049
21,250000	0,149862
21,260000	0,152412
21,270000	0,151774
21,280000	0,150499
21,290000	0,150499
21,300000	0,153049
21,310000	0,147950
21,320000	0,152412
21,330000	0,147313
21,340000	0,150499
21,350000	0,148587
21,360000	0,149862
21,370000	0,147313
21,380000	0,148587
21,390000	0,144763
21,400000	0,146038
21,410000	0,146675
21,420000	0,146675
21,430000	0,145401
21,440000	0,146038
21,450000	0,144763
21,460000	0,147950
21,470000	0,151774
21,480000	0,149862
21,490000	0,151774
21,500000	0,149862
21,510000	0,152412
21,520000	0,153049
21,530000	0,151774
21,540000	0,153686
21,550000	0,154324
21,560000	0,157511
21,570000	0,155598
21,580000	0,158785
21,590000	0,157511
21,600000	0,162609
21,610000	0,160697
21,620000	0,166434
21,630000	0,168346
21,640000	0,172807
21,650000	0,172807
21,660000	0,175994
21,670000	0,178544
21,680000	0,180456
21,690000	0,181730
21,700000	0,186829
21,710000	0,189379
21,720000	0,193840
21,730000	0,193840
21,740000	0,201489
21,750000	0,202126
21,760000	0,210412
21,770000	0,212961
21,780000	0,220610
21,790000	0,220610
21,800000	0,231445
21,810000	0,231445
21,820000	0,238456
21,830000	0,241005
21,840000	0,249291
21,850000	0,246742
21,860000	0,251841
21,870000	0,245467
21,880000	0,252478
21,890000	0,249929
21,900000	0,253753
21,910000	0,253753
21,920000	0,260126
21,930000	0,257577
21,940000	0,261401
21,950000	0,256302
21,960000	0,262676
21,970000	0,255665
21,980000	0,260764
21,990000	0,255028
22,000000	0,251203
22,010000	0,244830
22,020000	0,240368
22,030000	0,235907
22,040000	0,228258
22,050000	0,221247
22,060000	0,218060
22,070000	0,212961
22,080000	0,208500
22,090000	0,203401
22,100000	0,201489
22,110000	0,195752
22,120000	0,195115
22,130000	0,191928
22,140000	0,192566
22,150000	0,182368
22,160000	0,181093
22,170000	0,179181
22,180000	0,179181
22,190000	0,177269
22,200000	0,173445
22,210000	0,168983
22,220000	0,175994
22,230000	0,167071
22,240000	0,170895
22,250000	0,162609
22,260000	0,167708
22,270000	0,160697
22,280000	0,163884
22,290000	0,156236
22,300000	0,162609
22,310000	0,156236
22,320000	0,160060
22,330000	0,154961
22,340000	0,160060
22,350000	0,154324
22,360000	0,156236
22,370000	0,153049
22,380000	0,155598
22,390000	0,151774
22,400000	0,153686
22,410000	0,153686
22,420000	0,152412
22,430000	0,150499
22,440000	0,150499
22,450000	0,153049
22,460000	0,151137
22,470000	0,153686
22,480000	0,149225
22,490000	0,153049
22,500000	0,150499
22,510000	0,153686
22,520000	0,151774
22,530000	0,152412
22,540000	0,149862
22,550000	0,146038
22,560000	0,149862
22,570000	0,148587
22,580000	0,146675
22,590000	0,149862
22,600000	0,146675
22,610000	0,143488
22,620000	0,148587
22,630000	0,146675
22,640000	0,144126
22,650000	0,144763
22,660000	0,146038
22,670000	0,144126
22,680000	0,144763
22,690000	0,147313
22,700000	0,147313
22,710000	0,146675
22,720000	0,142851
22,730000	0,145401
22,740000	0,146038
22,750000	0,148587
22,760000	0,147950
22,770000	0,148587
22,780000	0,150499
22,790000	0,153049
22,800000	0,150499
22,810000	0,152412
22,820000	0,153049
22,830000	0,154324
22,840000	0,157511
22,850000	0,156236
22,860000	0,160060
22,870000	0,159423
22,880000	0,161972
22,890000	0,164522
22,900000	0,166434
22,910000	0,165159
22,920000	0,171533
22,930000	0,172807
22,940000	0,175357
22,950000	0,179181
22,960000	0,182368
22,970000	0,184917
22,980000	0,191291
22,990000	0,191291
23,000000	0,199577
23,010000	0,199577
23,020000	0,209137
23,030000	0,211687
23,040000	0,219335
23,050000	0,221884
23,060000	0,228258
23,070000	0,229533
23,080000	0,235907
23,090000	0,234632
23,100000	0,241643
23,110000	0,241643
23,120000	0,251203
23,130000	0,249291
23,140000	0,250566
23,150000	0,249929
23,160000	0,253115
23,170000	0,251203
23,180000	0,254390
23,190000	0,253115
23,200000	0,256302
23,210000	0,253753
23,220000	0,258214
23,230000	0,253753
23,240000	0,259489
23,250000	0,250566
23,260000	0,249929
23,270000	0,239093
23,280000	0,236544
23,290000	0,229533
23,300000	0,224434
23,310000	0,218060
23,320000	0,215511
23,330000	0,210412
23,340000	0,207225
23,350000	0,200851
23,360000	0,197665
23,370000	0,195115
23,380000	0,188741
23,390000	0,191928
23,400000	0,183005
23,410000	0,186192
23,420000	0,181730
23,430000	0,182368
23,440000	0,175357
23,450000	0,178544
23,460000	0,173445
23,470000	0,172807
23,480000	0,170895
23,490000	0,168346
23,500000	0,165159
23,510000	0,167071
23,520000	0,163884
23,530000	0,163884
23,540000	0,165159
23,550000	0,161335
23,560000	0,160060
23,570000	0,158785
23,580000	0,158148
23,590000	0,158148
23,600000	0,158148
23,610000	0,156873
23,620000	0,155598
23,630000	0,154961
23,640000	0,152412
23,650000	0,153049
23,660000	0,151774
23,670000	0,154324
23,680000	0,150499
23,690000	0,153686
23,700000	0,151137
23,710000	0,151774
23,720000	0,151774
23,730000	0,152412
23,740000	0,151774
23,750000	0,153049
23,760000	0,149862
23,770000	0,152412
23,780000	0,151774
23,790000	0,151137
23,800000	0,149225
23,810000	0,151137
23,820000	0,151774
23,830000	0,152412
23,840000	0,147950
23,850000	0,150499
23,860000	0,146675
23,870000	0,149862
23,880000	0,145401
23,890000	0,149862
23,900000	0,147313
23,910000	0,146675
23,920000	0,147313
23,930000	0,147950
23,940000	0,146038
23,950000	0,150499
23,960000	0,149225
23,970000	0,147950
23,980000	0,146675
23,990000	0,149862
24,000000	0,148587
24,010000	0,149225
24,020000	0,149225
24,030000	0,153049
24,040000	0,154961
24,050000	0,153049
24,060000	0,153049
24,070000	0,154961
24,080000	0,157511
24,090000	0,156873
24,100000	0,161335
24,110000	0,157511
24,120000	0,161972
24,130000	0,162609
24,140000	0,163884
24,150000	0,165796
24,160000	0,167708
24,170000	0,168983
24,180000	0,175357
24,190000	0,170895
24,200000	0,181093
24,210000	0,179181
24,220000	0,188741
24,230000	0,184917
24,240000	0,194478
24,250000	0,190654
24,260000	0,202763
24,270000	0,198939
24,280000	0,209137
24,290000	0,211687
24,300000	0,225071
24,310000	0,221247
24,320000	0,231445
24,330000	0,229533
24,340000	0,241005
24,350000	0,237819
24,360000	0,243555
24,370000	0,241005
24,380000	0,253115
24,390000	0,246742
24,400000	0,258852
24,410000	0,246742
24,420000	0,257577
24,430000	0,249929
24,440000	0,256940
24,450000	0,251203
24,460000	0,261401
24,470000	0,258214
24,480000	0,261401
24,490000	0,255028
24,500000	0,256940
24,510000	0,249291
24,520000	0,249291
24,530000	0,241643
24,540000	0,237181
24,550000	0,232720
24,560000	0,224434
24,570000	0,221247
24,580000	0,216786
24,590000	0,206588
24,600000	0,206588
24,610000	0,201489
24,620000	0,198939
24,630000	0,195752
24,640000	0,191928
24,650000	0,186829
24,660000	0,187467
24,670000	0,181730
24,680000	0,182368
24,690000	0,175994
24,700000	0,178544
24,710000	0,175994
24,720000	0,173445
24,730000	0,169620
24,740000	0,170895
24,750000	0,165796
24,760000	0,168346
24,770000	0,163884
24,780000	0,163884
24,790000	0,162609
24,800000	0,161335
24,810000	0,158148
24,820000	0,160060
24,830000	0,158148
24,840000	0,160060
24,850000	0,155598
24,860000	0,154961
24,870000	0,153049
24,880000	0,154324
24,890000	0,153049
24,900000	0,155598
24,910000	0,151137
24,920000	0,154324
24,930000	0,153686
24,940000	0,150499
24,950000	0,148587
24,960000	0,151137
24,970000	0,147950
24,980000	0,152412
24,990000	0,149862
25,000000	0,153049
25,010000	0,149862
25,020000	0,150499
25,030000	0,144763
25,040000	0,151774
25,050000	0,149225
25,060000	0,151774
25,070000	0,147950
25,080000	0,148587
25,090000	0,144763
25,100000	0,147950
25,110000	0,147950
25,120000	0,147313
25,130000	0,142851
25,140000	0,147950
25,150000	0,144126
25,160000	0,144763
25,170000	0,142851
25,180000	0,146038
25,190000	0,145401
25,200000	0,147313
25,210000	0,145401
25,220000	0,146038
25,230000	0,147950
25,240000	0,148587
25,250000	0,147313
25,260000	0,148587
25,270000	0,147313
25,280000	0,150499
25,290000	0,150499
25,300000	0,153049
25,310000	0,150499
25,320000	0,153686
25,330000	0,150499
25,340000	0,155598
25,350000	0,155598
25,360000	0,156236
25,370000	0,155598
25,380000	0,160697
25,390000	0,162609
25,400000	0,165796
25,410000	0,165796
25,420000	0,169620
25,430000	0,167708
25,440000	0,174082
25,450000	0,173445
25,460000	0,182368
25,470000	0,180456
25,480000	0,186829
25,490000	0,186192
25,500000	0,194478
25,510000	0,192566
25,520000	0,197665
25,530000	0,202763
25,540000	0,212324
25,550000	0,211049
25,560000	0,219972
25,570000	0,219335
25,580000	0,230170
25,590000	0,232082
25,600000	0,239093
25,610000	0,241005
25,620000	0,241643
25,630000	0,244192
25,640000	0,249929
25,650000	0,248654
25,660000	0,251841
25,670000	0,249291
25,680000	0,253115
25,690000	0,255028
25,700000	0,255665
25,710000	0,255028
25,720000	0,255665
25,730000	0,256940
25,740000	0,261401
25,750000	0,260764
25,760000	0,258852
25,770000	0,254390
25,780000	0,251203
25,790000	0,241643
25,800000	0,238456
25,810000	0,230808
25,820000	0,226983
25,830000	0,223797
25,840000	0,215511
25,850000	0,211049
25,860000	0,209775
25,870000	0,200851
25,880000	0,199577
25,890000	0,200214
25,900000	0,190654
25,910000	0,190654
25,920000	0,189379
25,930000	0,186192
25,940000	0,182368
25,950000	0,181093
25,960000	0,175994
25,970000	0,178544
25,980000	0,177269
25,990000	0,172807
26,000000	0,168983
26,010000	0,168346
26,020000	0,168983
26,030000	0,166434
26,040000	0,167071
26,050000	0,162609
26,060000	0,164522
26,070000	0,161972
26,080000	0,158785
26,090000	0,159423
26,100000	0,158785
26,110000	0,158785
26,120000	0,160697
26,130000	0,154961
26,140000	0,156873
26,150000	0,156236
26,160000	0,154324
26,170000	0,153049
26,180000	0,154961
26,190000	0,151774
26,200000	0,153049
26,210000	0,150499
26,220000	0,152412
26,230000	0,152412
26,240000	0,153049
26,250000	0,151774
26,260000	0,153049
26,270000	0,149862
26,280000	0,151137
26,290000	0,151774
26,300000	0,150499
26,310000	0,151137
26,320000	0,152412
26,330000	0,150499
26,340000	0,152412
26,350000	0,147313
26,360000	0,149862
26,370000	0,150499
26,380000	0,151137
26,390000	0,147313
26,400000	0,146038
26,410000	0,146038
26,420000	0,149225
26,430000	0,144126
26,440000	0,150499
26,450000	0,144763
26,460000	0,148587
26,470000	0,144126
26,480000	0,149862
26,490000	0,146675
26,500000	0,149225
26,510000	0,146675
26,520000	0,150499
26,530000	0,146038
26,540000	0,152412
26,550000	0,146675
26,560000	0,153686
26,570000	0,149862
26,580000	0,153049
26,590000	0,153686
26,600000	0,153686
26,610000	0,154961
26,620000	0,157511
26,630000	0,156873
26,640000	0,158148
26,650000	0,159423
26,660000	0,162609
26,670000	0,168983
26,680000	0,165159
26,690000	0,170895
26,700000	0,172170
26,710000	0,173445
26,720000	0,177906
26,730000	0,182368
26,740000	0,180456
26,750000	0,186829
26,760000	0,186829
26,770000	0,195752
26,780000	0,197665
26,790000	0,198939
26,800000	0,206588
26,810000	0,214236
26,820000	0,221247
26,830000	0,222522
26,840000	0,229533
26,850000	0,230808
26,860000	0,232082
26,870000	0,239093
26,880000	0,241643
26,890000	0,239093
26,900000	0,244192
26,910000	0,244830
26,920000	0,249291
26,930000	0,247379
26,940000	0,246104
26,950000	0,251841
26,960000	0,247379
26,970000	0,252478
26,980000	0,255665
26,990000	0,253115
27,000000	0,251841
27,010000	0,255665
27,020000	0,260126
27,030000	0,250566
27,040000	0,247379
27,050000	0,235907
27,060000	0,235269
27,070000	0,229533
27,080000	0,225071
27,090000	0,221247
27,100000	0,218060
27,110000	0,209137
27,120000	0,204676
27,130000	0,202126
27,140000	0,197665
27,150000	0,194478
27,160000	0,190016
27,170000	0,188104
27,180000	0,184917
27,190000	0,183643
27,200000	0,182368
27,210000	0,176631
27,220000	0,175994
27,230000	0,175994
27,240000	0,171533
27,250000	0,173445
27,260000	0,168346
27,270000	0,168346
27,280000	0,165796
27,290000	0,163247
27,300000	0,165159
27,310000	0,161335
27,320000	0,162609
27,330000	0,158785
27,340000	0,156236
27,350000	0,156873
27,360000	0,157511
27,370000	0,156236
27,380000	0,155598
27,390000	0,156873
27,400000	0,155598
27,410000	0,156236
27,420000	0,149862
27,430000	0,151137
27,440000	0,153049
27,450000	0,151137
27,460000	0,153049
27,470000	0,151137
27,480000	0,151137
27,490000	0,151137
27,500000	0,149225
27,510000	0,148587
27,520000	0,148587
27,530000	0,151774
27,540000	0,146675
27,550000	0,150499
27,560000	0,149862
27,570000	0,151774
27,580000	0,147950
27,590000	0,147950
27,600000	0,150499
27,610000	0,148587
27,620000	0,144763
27,630000	0,148587
27,640000	0,148587
27,650000	0,146675
27,660000	0,146038
27,670000	0,147313
27,680000	0,147313
27,690000	0,144763
27,700000	0,149862
27,710000	0,146038
27,720000	0,146675
27,730000	0,149225
27,740000	0,147313
27,750000	0,151137
27,760000	0,145401
27,770000	0,146675
27,780000	0,151774
27,790000	0,146038
27,800000	0,149862
27,810000	0,151137
27,820000	0,153686
27,830000	0,153049
27,840000	0,153049
27,850000	0,154324
27,860000	0,158785
27,870000	0,154324
27,880000	0,160697
27,890000	0,160060
27,900000	0,164522
27,910000	0,165159
27,920000	0,165159
27,930000	0,168346
27,940000	0,167708
27,950000	0,172170
27,960000	0,173445
27,970000	0,175357
27,980000	0,179818
27,990000	0,179818
28,000000	0,188104
28,010000	0,189379
28,020000	0,192566
28,030000	0,194478
28,040000	0,204038
28,050000	0,203401
28,060000	0,211687
28,070000	0,214236
28,080000	0,223159
28,090000	0,223159
28,100000	0,232082
28,110000	0,231445
28,120000	0,236544
28,130000	0,238456
28,140000	0,244830
28,150000	0,239731
28,160000	0,249291
28,170000	0,242280
28,180000	0,251203
28,190000	0,248016
28,200000	0,255665
28,210000	0,252478
28,220000	0,256940
28,230000	0,255028
28,240000	0,259489
28,250000	0,254390
28,260000	0,262676
28,270000	0,257577
28,280000	0,260126
28,290000	0,253753
28,300000	0,252478
28,310000	0,246104
28,320000	0,242280
28,330000	0,228896
28,340000	0,225709
28,350000	0,221884
28,360000	0,217423
28,370000	0,214873
28,380000	0,209775
28,390000	0,200214
28,400000	0,202763
28,410000	0,193840
28,420000	0,193203
28,430000	0,184280
28,440000	0,191291
28,450000	0,183005
28,460000	0,185555
28,470000	0,175994
28,480000	0,181093
28,490000	0,172807
28,500000	0,177269
28,510000	0,170258
28,520000	0,171533
28,530000	0,167071
28,540000	0,170895
28,550000	0,165159
28,560000	0,161972
28,570000	0,157511
28,580000	0,160697
28,590000	0,160697
28,600000	0,158148
28,610000	0,155598
28,620000	0,153049
28,630000	0,156873
28,640000	0,153686
28,650000	0,157511
28,660000	0,152412
28,670000	0,154961
28,680000	0,153049
28,690000	0,156236
28,700000	0,150499
28,710000	0,154961
28,720000	0,151137
28,730000	0,151774
28,740000	0,148587
28,750000	0,151774
28,760000	0,153049
28,770000	0,150499
28,780000	0,151774
28,790000	0,150499
28,800000	0,151137
28,810000	0,147950
28,820000	0,150499
28,830000	0,150499
28,840000	0,156873
28,850000	0,147950
28,860000	0,151774
28,870000	0,147313
28,880000	0,149862
28,890000	0,146038
28,900000	0,147313
28,910000	0,147313
28,920000	0,146038
28,930000	0,146675
28,940000	0,147950
28,950000	0,147313
28,960000	0,149862
28,970000	0,147313
28,980000	0,147950
28,990000	0,146038
29,000000	0,144763
29,010000	0,144126
29,020000	0,148587
29,030000	0,147950
29,040000	0,146675
29,050000	0,147313
29,060000	0,153049
29,070000	0,150499
29,080000	0,155598
29,090000	0,147950
29,100000	0,153686
29,110000	0,150499
29,120000	0,153049
29,130000	0,151137
29,140000	0,154961
29,150000	0,154961
29,160000	0,155598
29,170000	0,158148
29,180000	0,163247
29,190000	0,163247
29,200000	0,167071
29,210000	0,165159
29,220000	0,172170
29,230000	0,178544
29,240000	0,177906
29,250000	0,179181
29,260000	0,183005
29,270000	0,181730
29,280000	0,188741
29,290000	0,191291
29,300000	0,196390
29,310000	0,200214
29,320000	0,208500
29,330000	0,213599
29,340000	0,221884
29,350000	0,218060
29,360000	0,228896
29,370000	0,228258
29,380000	0,239093
29,390000	0,239731
29,400000	0,241005
29,410000	0,235907
29,420000	0,241643
29,430000	0,247379
29,440000	0,248654
29,450000	0,246742
29,460000	0,248016
29,470000	0,252478
29,480000	0,252478
29,490000	0,253753
29,500000	0,253115
29,510000	0,258214
29,520000	0,262039
29,530000	0,272874
29,540000	0,260126
29,550000	0,254390
29,560000	0,249929
29,570000	0,239731
29,580000	0,238456
29,590000	0,228258
29,600000	0,224434
29,610000	0,219335
29,620000	0,213599
29,630000	0,209137
29,640000	0,205950
29,650000	0,198302
29,660000	0,198939
29,670000	0,192566
29,680000	0,192566
29,690000	0,183643
29,700000	0,188104
29,710000	0,181730
29,720000	0,180456
29,730000	0,174719
29,740000	0,175357
29,750000	0,177269
29,760000	0,172807
29,770000	0,169620
29,780000	0,165796
29,790000	0,167071
29,800000	0,165796
29,810000	0,162609
29,820000	0,162609
29,830000	0,164522
29,840000	0,161972
29,850000	0,160060
29,860000	0,155598
29,870000	0,156873
29,880000	0,158148
29,890000	0,155598
29,900000	0,154961
29,910000	0,154324
29,920000	0,154324
29,930000	0,155598
29,940000	0,153049
29,950000	0,155598
29,960000	0,151137
29,970000	0,151774
29,980000	0,151774
29,990000	0,154961
30,000000	0,151137
30,010000	0,153049
30,020000	0,153686
30,030000	0,149225
30,040000	0,148587
30,050000	0,150499
30,060000	0,153049
30,070000	0,151137
30,080000	0,150499
30,090000	0,150499
30,100000	0,153049
30,110000	0,150499
30,120000	0,149862
30,130000	0,150499
30,140000	0,149862
30,150000	0,149862
30,160000	0,144763
30,170000	0,149862
30,180000	0,149225
30,190000	0,144763
30,200000	0,147950
30,210000	0,146038
30,220000	0,149862
30,230000	0,144763
30,240000	0,148587
30,250000	0,146675
30,260000	0,146675
30,270000	0,143488
30,280000	0,146038
30,290000	0,149862
30,300000	0,148587
30,310000	0,149862
30,320000	0,147950
30,330000	0,147950
30,340000	0,153049
30,350000	0,153049
30,360000	0,150499
30,370000	0,150499
30,380000	0,155598
30,390000	0,153686
30,400000	0,161972
30,410000	0,158148
30,420000	0,165159
30,430000	0,160697
30,440000	0,163247
30,450000	0,162609
30,460000	0,168346
30,470000	0,170895
30,480000	0,168983
30,490000	0,178544
30,500000	0,178544
30,510000	0,178544
30,520000	0,184917
30,530000	0,183643
30,540000	0,194478
30,550000	0,193840
30,560000	0,203401
30,570000	0,204676
30,580000	0,209775
30,590000	0,214873
30,600000	0,223797
30,610000	0,226346
30,620000	0,232082
30,630000	0,233357
30,640000	0,237181
30,650000	0,235269
30,660000	0,242280
30,670000	0,242918
30,680000	0,247379
30,690000	0,247379
30,700000	0,255028
30,710000	0,248654
30,720000	0,253115
30,730000	0,249929
30,740000	0,255028
30,750000	0,258214
30,760000	0,255665
30,770000	0,256302
30,780000	0,256302
30,790000	0,257577
30,800000	0,255028
30,810000	0,255028
30,820000	0,249929
30,830000	0,242280
30,840000	0,233357
30,850000	0,233994
30,860000	0,226983
30,870000	0,223159
30,880000	0,216148
30,890000	0,209137
30,900000	0,206588
30,910000	0,205313
30,920000	0,200214
30,930000	0,195752
30,940000	0,191291
30,950000	0,185555
30,960000	0,186192
30,970000	0,181093
30,980000	0,180456
30,990000	0,174082
31,000000	0,176631
31,010000	0,172170
31,020000	0,170895
31,030000	0,170258
31,040000	0,170258
31,050000	0,167708
31,060000	0,167708
31,070000	0,167708
31,080000	0,162609
31,090000	0,162609
31,100000	0,161335
31,110000	0,161972
31,120000	0,158148
31,130000	0,154961
31,140000	0,154961
31,150000	0,156236
31,160000	0,153686
31,170000	0,155598
31,180000	0,154324
31,190000	0,155598
31,200000	0,149862
31,210000	0,154961
31,220000	0,150499
31,230000	0,148587
31,240000	0,150499
31,250000	0,153049
31,260000	0,150499
31,270000	0,151137
31,280000	0,153049
31,290000	0,147950
31,300000	0,151774
31,310000	0,151774
31,320000	0,149862
31,330000	0,155598
31,340000	0,148587
31,350000	0,151137
31,360000	0,151774
31,370000	0,153049
31,380000	0,150499
31,390000	0,149862
31,400000	0,147313
31,410000	0,148587
31,420000	0,148587
31,430000	0,147313
31,440000	0,144763
31,450000	0,145401
31,460000	0,144763
31,470000	0,142851
31,480000	0,143488
31,490000	0,145401
31,500000	0,142851
31,510000	0,145401
31,520000	0,144763
31,530000	0,146675
31,540000	0,145401
31,550000	0,147950
31,560000	0,145401
31,570000	0,148587
31,580000	0,146038
31,590000	0,147950
31,600000	0,151137
31,610000	0,149862
31,620000	0,152412
31,630000	0,153049
31,640000	0,154324
31,650000	0,151774
31,660000	0,154324
31,670000	0,156873
31,680000	0,160697
31,690000	0,157511
31,700000	0,162609
31,710000	0,165159
31,720000	0,170895
31,730000	0,167708
31,740000	0,174719
31,750000	0,174082
31,760000	0,177269
31,770000	0,177269
31,780000	0,189379
31,790000	0,185555
31,800000	0,194478
31,810000	0,191928
31,820000	0,196390
31,830000	0,205313
31,840000	0,210412
31,850000	0,211049
31,860000	0,220610
31,870000	0,226983
31,880000	0,226983
31,890000	0,232082
31,900000	0,235269
31,910000	0,239731
31,920000	0,239093
31,930000	0,241005
31,940000	0,244830
31,950000	0,243555
31,960000	0,252478
31,970000	0,246742
31,980000	0,255028
31,990000	0,253753
32,000000	0,251203
32,010000	0,250566
32,020000	0,255665
32,030000	0,255665
32,040000	0,253115
32,050000	0,254390
32,060000	0,255028
32,070000	0,252478
32,080000	0,244192
32,090000	0,237819
32,100000	0,239731
32,110000	0,224434
32,120000	0,227621
32,130000	0,216786
32,140000	0,214236
32,150000	0,209137
32,160000	0,204038
32,170000	0,202126
32,180000	0,200851
32,190000	0,194478
32,200000	0,193840
32,210000	0,188741
32,220000	0,188104
32,230000	0,181730
32,240000	0,182368
32,250000	0,178544
32,260000	0,174082
32,270000	0,174719
32,280000	0,173445
32,290000	0,170258
32,300000	0,168983
32,310000	0,163247
32,320000	0,168983
32,330000	0,166434
32,340000	0,165796
32,350000	0,164522
32,360000	0,160060
32,370000	0,161335
32,380000	0,157511
32,390000	0,158148
32,400000	0,160697
32,410000	0,158785
32,420000	0,157511
32,430000	0,157511
32,440000	0,159423
32,450000	0,153049
32,460000	0,156236
32,470000	0,152412
32,480000	0,154324
32,490000	0,154961
32,500000	0,153049
32,510000	0,152412
32,520000	0,151137
32,530000	0,153686
32,540000	0,158148
32,550000	0,151137
32,560000	0,157511
32,570000	0,148587
32,580000	0,154324
32,590000	0,149225
32,600000	0,150499
32,610000	0,149225
32,620000	0,153049
32,630000	0,147950
32,640000	0,153049
32,650000	0,145401
32,660000	0,150499
32,670000	0,145401
32,680000	0,149862
32,690000	0,146038
32,700000	0,147313
32,710000	0,146675
32,720000	0,147313
32,730000	0,142851
32,740000	0,150499
32,750000	0,146675
32,760000	0,146038
32,770000	0,143488
32,780000	0,146675
32,790000	0,144763
32,800000	0,149225
32,810000	0,148587
32,820000	0,151774
32,830000	0,146038
32,840000	0,149862
32,850000	0,151137
32,860000	0,152412
32,870000	0,151774
32,880000	0,152412
32,890000	0,154324
32,900000	0,153686
32,910000	0,156236
32,920000	0,158785
32,930000	0,161972
32,940000	0,157511
32,950000	0,159423
32,960000	0,163247
32,970000	0,159423
32,980000	0,166434
32,990000	0,172807
33,000000	0,168983
33,010000	0,172807
33,020000	0,179818
33,030000	0,181093
33,040000	0,181093
33,050000	0,187467
33,060000	0,188741
33,070000	0,195752
33,080000	0,198302
33,090000	0,204676
33,100000	0,210412
33,110000	0,211687
33,120000	0,214873
33,130000	0,222522
33,140000	0,230170
33,150000	0,233994
33,160000	0,233357
33,170000	0,239093
33,180000	0,241005
33,190000	0,249929
33,200000	0,244192
33,210000	0,237181
33,220000	0,251203
33,230000	0,246104
33,240000	0,249929
33,250000	0,248654
33,260000	0,249291
33,270000	0,255028
33,280000	0,256940
33,290000	0,257577
33,300000	0,253115
33,310000	0,254390
33,320000	0,254390
33,330000	0,260126
33,340000	0,255028
33,350000	0,258852
33,360000	0,257577
33,370000	0,260126
33,380000	0,260764
33,390000	0,256940
33,400000	0,260126
33,410000	0,263313
33,420000	0,259489
33,430000	0,253753
33,440000	0,260126
33,450000	0,264588
33,460000	0,260764
33,470000	0,267137
33,480000	0,265863
33,490000	0,269687
33,500000	0,265225
33,510000	0,265225
33,520000	0,267775
33,530000	0,267137
33,540000	0,266500
33,550000	0,268412
33,560000	0,269687
33,570000	0,262676
33,580000	0,270962
33,590000	0,270962
33,600000	0,270324
33,610000	0,271599
33,620000	0,275423
33,630000	0,269050
33,640000	0,270324
33,650000	0,270324
33,660000	0,268412
33,670000	0,274148
33,680000	0,278610
33,690000	0,270962
33,700000	0,279247
33,710000	0,276698
33,720000	0,269050
33,730000	0,277973
33,740000	0,279247
33,750000	0,272236
33,760000	0,281160
33,770000	0,269050
33,780000	0,280522
33,790000	0,272874
33,800000	0,275423
33,810000	0,265863
33,820000	0,275423
33,830000	0,274148
33,840000	0,274786
33,850000	0,274786
33,860000	0,286896
33,870000	0,275423
33,880000	0,274786
33,890000	0,272236
33,900000	0,278610
33,910000	0,273511
33,920000	0,278610
33,930000	0,276061
33,940000	0,287533
33,950000	0,281160
33,960000	0,270324
33,970000	0,276061
33,980000	0,274148
33,990000	0,279885
34,000000	0,275423
34,010000	0,279885
34,020000	0,277973
34,030000	0,278610
34,040000	0,272874
34,050000	0,281797
34,060000	0,267775
34,070000	0,284346
34,080000	0,273511
34,090000	0,279247
34,100000	0,277973
34,110000	0,282434
34,120000	0,279247
34,130000	0,285621
34,140000	0,279885
34,150000	0,288808
34,160000	0,284984
34,170000	0,281160
34,180000	0,280522
34,190000	0,283709
34,200000	0,284346
34,210000	0,279247
34,220000	0,290720
34,230000	0,283709
34,240000	0,291357
34,250000	0,284984
34,260000	0,286896
34,270000	0,281797
34,280000	0,290083
34,290000	0,285621
34,300000	0,283072
34,310000	0,286258
34,320000	0,291357
34,330000	0,290083
34,340000	0,285621
34,350000	0,283072
34,360000	0,291357
34,370000	0,285621
34,380000	0,284984
34,390000	0,284346
34,400000	0,288808
34,410000	0,290083
34,420000	0,290720
34,430000	0,281797
34,440000	0,284346
34,450000	0,285621
34,460000	0,291357
34,470000	0,286896
34,480000	0,287533
34,490000	0,285621
34,500000	0,288808
34,510000	0,285621
34,520000	0,281160
34,530000	0,287533
34,540000	0,284984
34,550000	0,293269
34,560000	0,288808
34,570000	0,287533
34,580000	0,291995
34,590000	0,290083
34,600000	0,286896
34,610000	0,285621
34,620000	0,290083
34,630000	0,291357
34,640000	0,289445
34,650000	0,291357
34,660000	0,288171
34,670000	0,283072
34,680000	0,289445
34,690000	0,286258
34,700000	0,286258
34,710000	0,283709
34,720000	0,292632
34,730000	0,284984
34,740000	0,288808
34,750000	0,282434
34,760000	0,294544
34,770000	0,292632
34,780000	0,291357
34,790000	0,288171
34,800000	0,288171
34,810000	0,288171
34,820000	0,290720
34,830000	0,283709
34,840000	0,296456
34,850000	0,291995
34,860000	0,287533
34,870000	0,290083
34,880000	0,288171
34,890000	0,290720
34,900000	0,292632
34,910000	0,292632
34,920000	0,283072
34,930000	0,292632
34,940000	0,292632
34,950000	0,281797
34,960000	0,290083
34,970000	0,293269
34,980000	0,288171
34,990000	0,284984
35,000000	0,289445
35,010000	0,298368
35,020000	0,285621
35,030000	0,295819
35,040000	0,285621
35,050000	0,297094
35,060000	0,286896
35,070000	0,293269
35,080000	0,283709
35,090000	0,299643
35,100000	0,284346
35,110000	0,290083
35,120000	0,289445
35,130000	0,285621
35,140000	0,284984
35,150000	0,279885
35,160000	0,290720
35,170000	0,286258
35,180000	0,290083
35,190000	0,285621
35,200000	0,286896
35,210000	0,288808
35,220000	0,290083
35,230000	0,283072
35,240000	0,290083
35,250000	0,286896
35,260000	0,285621
35,270000	0,290720
35,280000	0,293269
35,290000	0,288808
35,300000	0,290083
35,310000	0,294544
35,320000	0,288808
35,330000	0,283709
35,340000	0,293269
35,350000	0,283072
35,360000	0,293907
35,370000	0,283072
35,380000	0,289445
35,390000	0,285621
35,400000	0,288171
35,410000	0,286258
35,420000	0,288808
35,430000	0,284984
35,440000	0,290720
35,450000	0,285621
35,460000	0,290720
35,470000	0,290720
35,480000	0,286896
35,490000	0,293269
35,500000	0,290720
35,510000	0,292632
35,520000	0,291357
35,530000	0,284346
35,540000	0,299006
35,550000	0,289445
35,560000	0,295819
35,570000	0,290720
35,580000	0,288171
35,590000	0,288808
35,600000	0,299006
35,610000	0,285621
35,620000	0,294544
35,630000	0,288171
35,640000	0,294544
35,650000	0,288808
35,660000	0,290720
35,670000	0,291995
35,680000	0,286896
35,690000	0,283709
35,700000	0,291357
35,710000	0,279885
35,720000	0,291995
35,730000	0,286258
35,740000	0,290720
35,750000	0,289445
35,760000	0,293907
35,770000	0,286896
35,780000	0,293269
35,790000	0,285621
35,800000	0,289445
35,810000	0,286896
35,820000	0,293269
35,830000	0,287533
35,840000	0,289445
35,850000	0,290083
35,860000	0,293269
35,870000	0,285621
35,880000	0,293907
35,890000	0,288808
35,900000	0,289445
35,910000	0,290720
35,920000	0,297731
35,930000	0,286896
35,940000	0,293269
35,950000	0,290720
35,960000	0,298368
35,970000	0,298368
35,980000	0,296456
35,990000	0,286258
36,000000	0,291995
36,010000	0,290720
36,020000	0,288808
36,030000	0,285621
36,040000	0,300281
36,050000	0,291357
36,060000	0,298368
36,070000	0,290083
36,080000	0,293269
36,090000	0,295819
36,100000	0,295819
36,110000	0,296456
36,120000	0,289445
36,130000	0,294544
36,140000	0,288171
36,150000	0,292632
36,160000	0,293269
36,170000	0,294544
36,180000	0,293907
36,190000	0,282434
36,200000	0,295182
36,210000	0,291995
36,220000	0,295182
36,230000	0,290083
36,240000	0,295819
36,250000	0,298368
36,260000	0,291357
36,270000	0,291357
36,280000	0,284984
36,290000	0,286896
36,300000	0,291357
36,310000	0,286896
36,320000	0,295819
36,330000	0,290083
36,340000	0,295182
36,350000	0,296456
36,360000	0,295819
36,370000	0,286896
36,380000	0,289445
36,390000	0,279885
36,400000	0,304105
36,410000	0,286258
36,420000	0,299006
36,430000	0,285621
36,440000	0,295819
36,450000	0,293269
36,460000	0,295819
36,470000	0,285621
36,480000	0,299643
36,490000	0,286896
36,500000	0,299006
36,510000	0,286896
36,520000	0,290720
36,530000	0,295819
36,540000	0,294544
36,550000	0,296456
36,560000	0,298368
36,570000	0,292632
36,580000	0,297094
36,590000	0,290083
36,600000	0,298368
36,610000	0,291357
36,620000	0,294544
36,630000	0,295182
36,640000	0,290083
36,650000	0,288808
36,660000	0,293907
36,670000	0,288171
36,680000	0,296456
36,690000	0,299643
36,700000	0,297094
36,710000	0,293907
36,720000	0,293269
36,730000	0,299006
36,740000	0,290720
36,750000	0,295819
36,760000	0,291995
36,770000	0,289445
36,780000	0,300281
36,790000	0,300281
36,800000	0,293269
36,810000	0,290083
36,820000	0,290720
36,830000	0,302830
36,840000	0,288171
36,850000	0,304105
36,860000	0,295182
36,870000	0,295819
36,880000	0,290083
36,890000	0,294544
36,900000	0,290083
36,910000	0,287533
36,920000	0,287533
36,930000	0,293907
36,940000	0,288808
36,950000	0,295819
36,960000	0,288171
36,970000	0,296456
36,980000	0,301555
36,990000	0,290720
37,000000	0,295819
37,010000	0,288171
37,020000	0,293269
37,030000	0,295182
37,040000	0,290720
37,050000	0,289445
37,060000	0,293269
37,070000	0,297094
37,080000	0,284984
37,090000	0,293269
37,100000	0,288171
37,110000	0,295182
37,120000	0,293269
37,130000	0,292632
37,140000	0,289445
37,150000	0,294544
37,160000	0,286896
37,170000	0,301555
37,180000	0,290720
37,190000	0,300918
37,200000	0,290083
37,210000	0,294544
37,220000	0,290083
37,230000	0,290083
37,240000	0,279885
37,250000	0,301555
37,260000	0,288808
37,270000	0,306017
37,280000	0,290083
37,290000	0,290720
37,300000	0,295182
37,310000	0,287533
37,320000	0,297731
37,330000	0,294544
37,340000	0,290083
37,350000	0,290720
37,360000	0,298368
37,370000	0,291357
37,380000	0,297731
37,390000	0,288171
37,400000	0,292632
37,410000	0,289445
37,420000	0,295182
37,430000	0,293269
37,440000	0,285621
37,450000	0,294544
37,460000	0,288171
37,470000	0,298368
37,480000	0,299006
37,490000	0,286258
37,500000	0,300918
37,510000	0,298368
37,520000	0,302830
37,530000	0,291357
37,540000	0,287533
37,550000	0,296456
37,560000	0,298368
37,570000	0,290083
37,580000	0,293907
37,590000	0,289445
37,600000	0,286896
37,610000	0,293907
37,620000	0,301555
37,630000	0,290720
37,640000	0,290083
37,650000	0,293269
37,660000	0,297731
37,670000	0,286258
37,680000	0,295182
37,690000	0,283072
37,700000	0,283072
37,710000	0,287533
37,720000	0,299643
37,730000	0,287533
37,740000	0,293907
37,750000	0,288171
37,760000	0,293269
37,770000	0,291995
37,780000	0,296456
37,790000	0,287533
37,800000	0,297094
37,810000	0,285621
37,820000	0,295819
37,830000	0,290720
37,840000	0,293269
37,850000	0,283072
37,860000	0,295819
37,870000	0,297731
37,880000	0,293907
37,890000	0,290083
37,900000	0,295819
37,910000	0,291995
37,920000	0,290083
37,930000	0,289445
37,940000	0,288808
37,950000	0,280522
37,960000	0,294544
37,970000	0,292632
37,980000	0,296456
37,990000	0,287533
38,000000	0,292632
38,010000	0,290083
38,020000	0,292632
38,030000	0,293269
38,040000	0,297094
38,050000	0,293269
38,060000	0,295819
38,070000	0,290720
38,080000	0,297094
38,090000	0,290720
38,100000	0,291357
38,110000	0,293907
38,120000	0,292632
38,130000	0,297094
38,140000	0,291995
38,150000	0,295819
38,160000	0,291995
38,170000	0,294544
38,180000	0,290083
38,190000	0,297731
38,200000	0,291995
38,210000	0,294544
38,220000	0,293907
38,230000	0,289445
38,240000	0,301555
38,250000	0,295182
38,260000	0,294544
38,270000	0,300281
38,280000	0,291357
38,290000	0,300281
38,300000	0,289445
38,310000	0,291995
38,320000	0,292632
38,330000	0,291357
38,340000	0,295819
38,350000	0,291995
38,360000	0,293269
38,370000	0,293269
38,380000	0,289445
38,390000	0,301555
38,400000	0,300918
38,410000	0,296456
38,420000	0,298368
38,430000	0,289445
38,440000	0,293907
38,450000	0,300918
38,460000	0,305379
38,470000	0,293907
38,480000	0,291995
38,490000	0,299006
38,500000	0,295182
38,510000	0,293907
38,520000	0,300918
38,530000	0,293907
38,540000	0,295819
38,550000	0,291357
38,560000	0,295819
38,570000	0,295819
38,580000	0,292632
38,590000	0,292632
38,600000	0,298368
38,610000	0,292632
38,620000	0,304742
38,630000	0,288171
38,640000	0,297731
38,650000	0,300918
38,660000	0,302830
38,670000	0,295182
38,680000	0,294544
38,690000	0,296456
38,700000	0,284984
38,710000	0,293269
38,720000	0,286258
38,730000	0,298368
38,740000	0,303467
38,750000	0,293269
38,760000	0,299643
38,770000	0,290720
38,780000	0,296456
38,790000	0,295819
38,800000	0,297094
38,810000	0,302193
38,820000	0,295819
38,830000	0,298368
38,840000	0,296456
38,850000	0,293907
38,860000	0,291357
38,870000	0,298368
38,880000	0,292632
38,890000	0,295182
38,900000	0,296456
38,910000	0,292632
38,920000	0,298368
38,930000	0,296456
38,940000	0,295819
38,950000	0,293269
38,960000	0,295182
38,970000	0,293907
38,980000	0,292632
38,990000	0,290720
39,000000	0,289445
39,010000	0,294544
39,020000	0,286258
39,030000	0,297094
39,040000	0,276061
39,050000	0,302830
39,060000	0,277973
39,070000	0,295819
39,080000	0,291357
39,090000	0,290720
39,100000	0,291995
39,110000	0,297731
39,120000	0,291995
39,130000	0,306017
39,140000	0,309204
39,150000	0,306654
39,160000	0,300918
39,170000	0,306017
39,180000	0,289445
39,190000	0,299643
39,200000	0,290083
39,210000	0,304105
39,220000	0,298368
39,230000	0,296456
39,240000	0,281160
39,250000	0,299643
39,260000	0,286896
39,270000	0,293269
39,280000	0,292632
39,290000	0,325775
39,300000	0,295182
39,310000	0,288171
39,320000	0,332149
39,330000	0,286258
39,340000	0,334698
39,350000	0,286258
39,360000	0,292632
39,370000	0,289445
39,380000	0,288171
39,390000	0,291357
39,400000	0,289445
39,410000	0,281160
39,420000	0,297094
39,430000	0,290083
39,440000	0,275423
39,450000	0,292632
39,460000	0,295819
39,470000	0,292632
39,480000	0,277973
39,490000	0,298368
39,500000	0,300281
39,510000	0,285621
39,520000	0,297731
39,530000	0,302193
39,540000	0,296456
39,550000	0,296456
39,560000	0,300918
39,570000	0,295182
39,580000	0,289445
39,590000	0,298368
39,600000	0,299006
39,610000	0,310478
39,620000	0,313028
39,630000	0,283709
39,640000	0,328962
39,650000	0,292632
39,660000	0,276061
39,670000	0,332149
39,680000	0,305379
39,690000	0,307929
39,700000	0,297731
39,710000	0,282434
39,720000	0,281797
39,730000	0,300918
39,740000	0,296456
39,750000	0,289445
39,760000	0,295182
39,770000	0,278610
39,780000	0,257577
39,790000	0,284346
39,800000	0,286258
39,810000	0,278610
39,820000	0,288171
39,830000	0,303467
39,840000	0,290720
39,850000	0,289445
39,860000	0,306654
39,870000	0,291357
39,880000	0,300281
39,890000	0,297094
39,900000	0,294544
39,910000	0,307929
39,920000	0,288171
39,930000	0,269687
39,940000	0,295819
39,950000	0,290083
39,960000	0,287533
39,970000	0,290083
39,980000	0,316852
39,990000	0,292632
40,000000	0,320039
40,010000	0,320039
40,020000	0,288808
40,030000	0,279885
40,040000	0,293269
40,050000	0,286258
40,060000	0,290720
40,070000	0,286258
40,080000	0,221247
40,090000	0,297094
40,100000	0,274786
40,110000	0,289445
40,120000	0,307929
40,130000	0,367841
40,140000	0,299643
40,150000	0,274148
40,160000	0,298368
40,170000	0,295819
40,180000	0,322588
40,190000	0,291357
40,200000	0,291995
40,210000	0,286258
40,220000	0,287533
40,230000	0,252478
40,240000	0,298368
40,250000	0,298368
40,260000	0,300918
40,270000	0,295819
40,280000	0,286896
40,290000	0,291995
40,300000	0,274148
40,310000	0,290720
40,320000	0,282434
40,330000	0,309841
40,340000	0,301555
40,350000	0,295182
40,360000	0,313028
40,370000	0,304105
40,380000	0,285621
40,390000	0,316852
40,400000	0,313665
40,410000	0,311116
40,420000	0,313665
40,430000	0,314940
40,440000	0,299643
40,450000	0,316215
40,460000	0,323863
40,470000	0,295182
40,480000	0,310478
40,490000	0,295182
40,500000	0,326413
40,510000	0,292632
40,520000	0,295182
40,530000	0,285621
40,540000	0,263951
40,550000	0,260764
40,560000	0,284984
40,570000	0,286258
40,580000	0,274148
40,590000	0,254390
40,600000	0,297094
40,610000	0,281160
40,620000	0,298368
40,630000	0,294544
40,640000	0,299006
40,650000	0,299643
40,660000	0,301555
40,670000	0,286896
40,680000	0,295182
40,690000	0,330237
40,700000	0,294544
40,710000	0,279885
40,720000	0,294544
40,730000	0,294544
40,740000	0,322588
40,750000	0,304105
40,760000	0,311116
40,770000	0,296456
40,780000	0,279885
40,790000	0,326413
40,800000	0,299643
40,810000	0,294544
40,820000	0,278610
40,830000	0,274786
40,840000	0,254390
40,850000	0,290720
40,860000	0,248654
40,870000	0,296456
40,880000	0,291995
40,890000	0,299643
40,900000	0,299643
40,910000	0,347446
40,920000	0,295182
40,930000	0,295819
40,940000	0,247379
40,950000	0,286896
40,960000	0,356369
40,970000	0,306017
40,980000	0,312390
40,990000	0,302193
