LabVIEW Measurement	
Writer_Version	2
Reader_Version	2
Separator	Tab
Decimal_Separator	,
Multi_Headings	No
X_Columns	One
Time_Pref	Absolute
Operator	lpdan
Date	2026/05/26
Time	10:41:49,2619849833532399312
***End_of_Header***	
	
Channels	1	
Samples	100	
Date	2026/05/26	
Time	10:41:49,2619849833532399312	
Y_Unit_Label	Volts	
X_Dimension	Time	
X0	0,0000000000000000E+0	
Delta_X	0,010000	
***End_of_Header***		
X_Value	Voltage	Comment
0,000000	0,146038
0,010000	0,139027
0,020000	0,154324
0,030000	0,146038
0,040000	0,135203
0,050000	0,154961
0,060000	0,146675
0,070000	0,139027
0,080000	0,149225
0,090000	0,153049
0,100000	0,147950
0,110000	0,144763
0,120000	0,142214
0,130000	0,136477
0,140000	0,139664
0,150000	0,142851
0,160000	0,136477
0,170000	0,126280
0,180000	0,152412
0,190000	0,148587
0,200000	0,130104
0,210000	0,153049
0,220000	0,149862
0,230000	0,132653
0,240000	0,144126
0,250000	0,145401
0,260000	0,168983
0,270000	0,139027
0,280000	0,146038
0,290000	0,181093
0,300000	0,115444
0,310000	0,143488
0,320000	0,132016
0,330000	0,121818
0,340000	0,139664
0,350000	0,143488
0,360000	0,137752
0,370000	0,141576
0,380000	0,142851
0,390000	0,184917
0,400000	0,141576
0,410000	0,141576
0,420000	0,144763
0,430000	0,149225
0,440000	0,145401
0,450000	0,144763
0,460000	0,116719
0,470000	0,147313
0,480000	0,168346
0,490000	0,123730
0,500000	0,141576
0,510000	0,144126
0,520000	0,137752
0,530000	0,142851
0,540000	0,142851
0,550000	0,151137
0,560000	0,143488
0,570000	0,148587
0,580000	0,144763
0,590000	0,147313
0,600000	0,153049
0,610000	0,147950
0,620000	0,137115
0,630000	0,147313
0,640000	0,139027
0,650000	0,147313
0,660000	0,144763
0,670000	0,153049
0,680000	0,151774
0,690000	0,149225
0,700000	0,163884
0,710000	0,153049
0,720000	0,145401
0,730000	0,149862
0,740000	0,147313
0,750000	0,144763
0,760000	0,146675
0,770000	0,154961
0,780000	0,147950
0,790000	0,149862
0,800000	0,142851
0,810000	0,152412
0,820000	0,150499
0,830000	0,140939
0,840000	0,147950
0,850000	0,144126
0,860000	0,141576
0,870000	0,142214
0,880000	0,136477
0,890000	0,144763
0,900000	0,148587
0,910000	0,137115
0,920000	0,146038
0,930000	0,137115
0,940000	0,153049
0,950000	0,144126
0,960000	0,137115
0,970000	0,151137
0,980000	0,143488
0,990000	0,139664
1,000000	0,144126
1,010000	0,148587
1,020000	0,144763
1,030000	0,144763
1,040000	0,145401
1,050000	0,174082
1,060000	0,133928
1,070000	0,146038
1,080000	0,141576
1,090000	0,129466
1,100000	0,140302
1,110000	0,125642
1,120000	0,121181
1,130000	0,146675
1,140000	0,140302
1,150000	0,117356
1,160000	0,156236
1,170000	0,147950
1,180000	0,144763
1,190000	0,130104
1,200000	0,137752
1,210000	0,097598
1,220000	0,116719
1,230000	0,147313
1,240000	0,144126
1,250000	0,096961
1,260000	0,154961
1,270000	0,149862
1,280000	0,098873
1,290000	0,146675
1,300000	0,142851
1,310000	0,122455
1,320000	0,129466
1,330000	0,145401
1,340000	0,142851
1,350000	0,145401
1,360000	0,122455
1,370000	0,144763
1,380000	0,119906
1,390000	0,144763
1,400000	0,148587
1,410000	0,150499
1,420000	0,156236
1,430000	0,142214
1,440000	0,139664
1,450000	0,146675
1,460000	0,154324
1,470000	0,144126
1,480000	0,145401
1,490000	0,146038
1,500000	0,136477
1,510000	0,149225
1,520000	0,140939
1,530000	0,154324
1,540000	0,142851
1,550000	0,154961
1,560000	0,149862
1,570000	0,138390
1,580000	0,152412
1,590000	0,146675
1,600000	0,154324
1,610000	0,142851
1,620000	0,150499
1,630000	0,145401
1,640000	0,149862
1,650000	0,147950
1,660000	0,137115
1,670000	0,149225
1,680000	0,132016
1,690000	0,150499
1,700000	0,150499
1,710000	0,138390
1,720000	0,158148
1,730000	0,137115
1,740000	0,164522
1,750000	0,132653
1,760000	0,158785
1,770000	0,164522
1,780000	0,140939
1,790000	0,161972
1,800000	0,162609
1,810000	0,141576
1,820000	0,126280
1,830000	0,136477
1,840000	0,133928
1,850000	0,147950
1,860000	0,140302
1,870000	0,140302
1,880000	0,152412
1,890000	0,149225
1,900000	0,144763
1,910000	0,133291
1,920000	0,143488
1,930000	0,145401
1,940000	0,168346
1,950000	0,147313
1,960000	0,142851
1,970000	0,174082
1,980000	0,177906
1,990000	0,153049
2,000000	0,153049
2,010000	0,176631
2,020000	0,144126
2,030000	0,161972
2,040000	0,140302
2,050000	0,154324
2,060000	0,144126
2,070000	0,147313
2,080000	0,133291
2,090000	0,147313
2,100000	0,133291
2,110000	0,207862
2,120000	0,145401
2,130000	0,148587
2,140000	0,200851
2,150000	0,147313
2,160000	0,140302
2,170000	0,151774
2,180000	0,146675
2,190000	0,146675
2,200000	0,115444
2,210000	0,145401
2,220000	0,147313
2,230000	0,144763
2,240000	0,147313
2,250000	0,147950
2,260000	0,142851
2,270000	0,149225
2,280000	0,137752
2,290000	0,149862
2,300000	0,144763
2,310000	0,151774
2,320000	0,145401
2,330000	0,146038
2,340000	0,147950
2,350000	0,149862
2,360000	0,146038
2,370000	0,146675
2,380000	0,148587
2,390000	0,150499
2,400000	0,149862
2,410000	0,146675
2,420000	0,148587
2,430000	0,147313
2,440000	0,147950
2,450000	0,150499
2,460000	0,135203
2,470000	0,147950
2,480000	0,146038
2,490000	0,137752
2,500000	0,141576
2,510000	0,149862
2,520000	0,151774
2,530000	0,151137
2,540000	0,139664
2,550000	0,148587
2,560000	0,144126
2,570000	0,138390
2,580000	0,142851
2,590000	0,128829
2,600000	0,147950
2,610000	0,156236
2,620000	0,126280
2,630000	0,139027
2,640000	0,156873
2,650000	0,135840
2,660000	0,136477
2,670000	0,157511
2,680000	0,149862
2,690000	0,137115
2,700000	0,137752
2,710000	0,143488
2,720000	0,145401
2,730000	0,139664
2,740000	0,141576
2,750000	0,144763
2,760000	0,169620
2,770000	0,151137
2,780000	0,149225
2,790000	0,172807
2,800000	0,138390
2,810000	0,142851
2,820000	0,150499
2,830000	0,138390
2,840000	0,144763
2,850000	0,146038
2,860000	0,128192
2,870000	0,143488
2,880000	0,146675
2,890000	0,159423
2,900000	0,154961
2,910000	0,144763
2,920000	0,175357
2,930000	0,163247
2,940000	0,146675
2,950000	0,147950
2,960000	0,100785
2,970000	0,146038
2,980000	0,150499
2,990000	0,081664
3,000000	0,146675
3,010000	0,149225
3,020000	0,126280
3,030000	0,145401
3,040000	0,146675
3,050000	0,174082
3,060000	0,146675
3,070000	0,145401
3,080000	0,164522
3,090000	0,142851
3,100000	0,141576
3,110000	0,145401
3,120000	0,142851
3,130000	0,147950
3,140000	0,143488
3,150000	0,141576
3,160000	0,146675
3,170000	0,146675
3,180000	0,145401
3,190000	0,140302
3,200000	0,145401
3,210000	0,139664
3,220000	0,147950
3,230000	0,138390
3,240000	0,143488
3,250000	0,143488
3,260000	0,148587
3,270000	0,146675
3,280000	0,146675
3,290000	0,149862
3,300000	0,150499
3,310000	0,134565
3,320000	0,142214
3,330000	0,135840
3,340000	0,158785
3,350000	0,146038
3,360000	0,154324
3,370000	0,147313
3,380000	0,148587
3,390000	0,152412
3,400000	0,127554
3,410000	0,153686
3,420000	0,150499
3,430000	0,161335
3,440000	0,146675
3,450000	0,168346
3,460000	0,135840
3,470000	0,157511
3,480000	0,133291
3,490000	0,142214
3,500000	0,158785
3,510000	0,125642
3,520000	0,152412
3,530000	0,146675
3,540000	0,116719
3,550000	0,150499
3,560000	0,129466
3,570000	0,162609
3,580000	0,137115
3,590000	0,139664
3,600000	0,157511
3,610000	0,137115
3,620000	0,147950
3,630000	0,142214
3,640000	0,126917
3,650000	0,153686
3,660000	0,145401
3,670000	0,147950
3,680000	0,153049
3,690000	0,146038
3,700000	0,178544
3,710000	0,142851
3,720000	0,145401
3,730000	0,156236
3,740000	0,144126
3,750000	0,143488
3,760000	0,167071
3,770000	0,122455
3,780000	0,147313
3,790000	0,143488
3,800000	0,119906
3,810000	0,147950
3,820000	0,146038
3,830000	0,197665
3,840000	0,144763
3,850000	0,147950
3,860000	0,206588
3,870000	0,142851
3,880000	0,145401
3,890000	0,172807
3,900000	0,147313
3,910000	0,147950
3,920000	0,110983
3,930000	0,147950
3,940000	0,149862
3,950000	0,148587
3,960000	0,145401
3,970000	0,151774
3,980000	0,147313
3,990000	0,154324
4,000000	0,142851
4,010000	0,146675
4,020000	0,149225
4,030000	0,145401
4,040000	0,147950
4,050000	0,143488
4,060000	0,147313
4,070000	0,153049
4,080000	0,144763
4,090000	0,152412
4,100000	0,144126
4,110000	0,155598
4,120000	0,149225
4,130000	0,144126
4,140000	0,153686
4,150000	0,144763
4,160000	0,147313
4,170000	0,150499
4,180000	0,146675
4,190000	0,149225
4,200000	0,147950
4,210000	0,137752
4,220000	0,153049
4,230000	0,148587
4,240000	0,147313
4,250000	0,146675
4,260000	0,146675
4,270000	0,159423
4,280000	0,140939
4,290000	0,145401
4,300000	0,133291
4,310000	0,160697
4,320000	0,143488
4,330000	0,127554
4,340000	0,159423
4,350000	0,160697
4,360000	0,129466
4,370000	0,132653
4,380000	0,161335
4,390000	0,142851
4,400000	0,144763
4,410000	0,143488
4,420000	0,154324
4,430000	0,147950
4,440000	0,137115
4,450000	0,153049
4,460000	0,144126
4,470000	0,146675
4,480000	0,147950
4,490000	0,146038
4,500000	0,165159
4,510000	0,150499
4,520000	0,142214
4,530000	0,147313
4,540000	0,119906
4,550000	0,146038
4,560000	0,125642
4,570000	0,107159
4,580000	0,144763
4,590000	0,132016
4,600000	0,175357
4,610000	0,150499
4,620000	0,158148
4,630000	0,183643
4,640000	0,146675
4,650000	0,143488
4,660000	0,162609
4,670000	0,148587
4,680000	0,151774
4,690000	0,112258
4,700000	0,148587
4,710000	0,148587
4,720000	0,080389
4,730000	0,149862
4,740000	0,146038
4,750000	0,135203
4,760000	0,149862
4,770000	0,142214
4,780000	0,181093
4,790000	0,149225
4,800000	0,141576
4,810000	0,174082
4,820000	0,146038
4,830000	0,150499
4,840000	0,147313
4,850000	0,145401
4,860000	0,146038
4,870000	0,144126
4,880000	0,144763
4,890000	0,147313
4,900000	0,146675
4,910000	0,146038
4,920000	0,146038
4,930000	0,141576
4,940000	0,149862
4,950000	0,147950
4,960000	0,147950
4,970000	0,141576
4,980000	0,147950
4,990000	0,155598
5,000000	0,137115
5,010000	0,143488
5,020000	0,141576
5,030000	0,157511
5,040000	0,142851
5,050000	0,142851
5,060000	0,158148
5,070000	0,137752
5,080000	0,143488
5,090000	0,140939
5,100000	0,148587
5,110000	0,146038
5,120000	0,164522
5,130000	0,137115
5,140000	0,161972
5,150000	0,144763
5,160000	0,149862
5,170000	0,146675
5,180000	0,150499
5,190000	0,160060
5,200000	0,139027
5,210000	0,131379
5,220000	0,160697
5,230000	0,133928
5,240000	0,154961
5,250000	0,155598
5,260000	0,148587
5,270000	0,126280
5,280000	0,134565
5,290000	0,163884
5,300000	0,145401
5,310000	0,126280
5,320000	0,126280
5,330000	0,133928
5,340000	0,143488
5,350000	0,175357
5,360000	0,120543
5,370000	0,141576
5,380000	0,142214
5,390000	0,142851
5,400000	0,151137
5,410000	0,158148
5,420000	0,163247
5,430000	0,162609
5,440000	0,145401
5,450000	0,124367
5,460000	0,168983
5,470000	0,137115
5,480000	0,142851
5,490000	0,130741
5,500000	0,148587
5,510000	0,193203
5,520000	0,170258
5,530000	0,157511
5,540000	0,132653
5,550000	0,186192
5,560000	0,146038
5,570000	0,154324
5,580000	0,203401
5,590000	0,144763
5,600000	0,142214
5,610000	0,128829
5,620000	0,145401
5,630000	0,132016
5,640000	0,130741
5,650000	0,143488
5,660000	0,140302
5,670000	0,130741
5,680000	0,142214
5,690000	0,146038
5,700000	0,143488
5,710000	0,148587
5,720000	0,137752
5,730000	0,147950
5,740000	0,143488
5,750000	0,146038
5,760000	0,144763
5,770000	0,153686
5,780000	0,147313
5,790000	0,150499
5,800000	0,144126
5,810000	0,149862
5,820000	0,144126
5,830000	0,143488
5,840000	0,145401
5,850000	0,142851
5,860000	0,153686
5,870000	0,146675
5,880000	0,142851
5,890000	0,161972
5,900000	0,146038
5,910000	0,153686
5,920000	0,144763
5,930000	0,154324
5,940000	0,149225
5,950000	0,150499
5,960000	0,158148
5,970000	0,145401
5,980000	0,147950
5,990000	0,152412
6,000000	0,157511
6,010000	0,143488
6,020000	0,144763
6,030000	0,144126
6,040000	0,147313
6,050000	0,126280
6,060000	0,142851
6,070000	0,161335
6,080000	0,130104
6,090000	0,147950
6,100000	0,156236
6,110000	0,142851
6,120000	0,150499
6,130000	0,152412
6,140000	0,150499
6,150000	0,153686
6,160000	0,166434
6,170000	0,132016
6,180000	0,154961
6,190000	0,163247
6,200000	0,170258
6,210000	0,147950
6,220000	0,126917
6,230000	0,154324
6,240000	0,137115
6,250000	0,146038
6,260000	0,138390
6,270000	0,132016
6,280000	0,144763
6,290000	0,114807
6,300000	0,137752
6,310000	0,147950
6,320000	0,144763
6,330000	0,144763
6,340000	0,147950
6,350000	0,155598
6,360000	0,178544
6,370000	0,144763
6,380000	0,150499
6,390000	0,117994
6,400000	0,148587
6,410000	0,150499
6,420000	0,086763
6,430000	0,148587
6,440000	0,150499
6,450000	0,097598
6,460000	0,152412
6,470000	0,148587
6,480000	0,153049
6,490000	0,149862
6,500000	0,145401
6,510000	0,149225
6,520000	0,167708
6,530000	0,148587
6,540000	0,142851
6,550000	0,147313
6,560000	0,144126
6,570000	0,143488
6,580000	0,137752
6,590000	0,141576
6,600000	0,138390
6,610000	0,134565
6,620000	0,127554
6,630000	0,120543
6,640000	0,117356
6,650000	0,115444
6,660000	0,109071
6,670000	0,105884
6,680000	0,103334
6,690000	0,100785
6,700000	0,099510
6,710000	0,094411
6,720000	0,088038
6,730000	0,086763
6,740000	0,088675
6,750000	0,081027
6,760000	0,079114
6,770000	0,081664
6,780000	0,077840
6,790000	0,075290
6,800000	0,074653
6,810000	0,075290
6,820000	0,072103
6,830000	0,070191
6,840000	0,065092
6,850000	0,075290
6,860000	0,066367
6,870000	0,071466
6,880000	0,065092
6,890000	0,062543
6,900000	0,071466
6,910000	0,063818
6,920000	0,058081
6,930000	0,069554
6,940000	0,058719
6,950000	0,056169
6,960000	0,060631
6,970000	0,056169
6,980000	0,059994
6,990000	0,054895
7,000000	0,055532
7,010000	0,059356
7,020000	0,058719
7,030000	0,055532
7,040000	0,054895
7,050000	0,049158
7,060000	0,054257
7,070000	0,059356
7,080000	0,045971
7,090000	0,056169
7,100000	0,055532
7,110000	0,061268
7,120000	0,058081
7,130000	0,053620
7,140000	0,062543
7,150000	0,059356
7,160000	0,058719
7,170000	0,060631
7,180000	0,059994
7,190000	0,051708
7,200000	0,051070
7,210000	0,045971
7,220000	0,051708
7,230000	0,052982
7,240000	0,042147
7,250000	0,049158
7,260000	0,049158
7,270000	0,049158
7,280000	0,045971
7,290000	0,050433
7,300000	0,045971
7,310000	0,044697
7,320000	0,051708
7,330000	0,052345
7,340000	0,040873
7,350000	0,049158
7,360000	0,049158
7,370000	0,050433
7,380000	0,050433
7,390000	0,049796
7,400000	0,050433
7,410000	0,051708
7,420000	0,053620
7,430000	0,054895
7,440000	0,055532
7,450000	0,054895
7,460000	0,056807
7,470000	0,057444
7,480000	0,056807
7,490000	0,058719
7,500000	0,061906
7,510000	0,063180
7,520000	0,061906
7,530000	0,063818
7,540000	0,065092
7,550000	0,065730
7,560000	0,068917
7,570000	0,071466
7,580000	0,074653
7,590000	0,075928
7,600000	0,075928
7,610000	0,080389
7,620000	0,077202
7,630000	0,086763
7,640000	0,088675
7,650000	0,091224
7,660000	0,092499
7,670000	0,096961
7,680000	0,101422
7,690000	0,103972
7,700000	0,098873
7,710000	0,105884
7,720000	0,112258
7,730000	0,114807
7,740000	0,114170
7,750000	0,120543
7,760000	0,115444
7,770000	0,122455
7,780000	0,122455
7,790000	0,124367
7,800000	0,123730
7,810000	0,124367
7,820000	0,122455
7,830000	0,126280
7,840000	0,133291
7,850000	0,121818
7,860000	0,130104
7,870000	0,137752
7,880000	0,122455
7,890000	0,119906
7,900000	0,113532
7,910000	0,109708
7,920000	0,109708
7,930000	0,101422
7,940000	0,091224
7,950000	0,096323
7,960000	0,093774
7,970000	0,092499
7,980000	0,084851
7,990000	0,084851
8,000000	0,076565
8,010000	0,072103
8,020000	0,077202
8,030000	0,070191
8,040000	0,072103
8,050000	0,070191
8,060000	0,070829
8,070000	0,058081
8,080000	0,065730
8,090000	0,068917
8,100000	0,056807
8,110000	0,062543
8,120000	0,063180
8,130000	0,066367
8,140000	0,061268
8,150000	0,060631
8,160000	0,063180
8,170000	0,059994
8,180000	0,056807
8,190000	0,057444
8,200000	0,058081
8,210000	0,056807
8,220000	0,055532
8,230000	0,056169
8,240000	0,057444
8,250000	0,056169
8,260000	0,055532
8,270000	0,053620
8,280000	0,054895
8,290000	0,053620
8,300000	0,054257
8,310000	0,054257
8,320000	0,052982
8,330000	0,052982
8,340000	0,052345
8,350000	0,053620
8,360000	0,052982
8,370000	0,052982
8,380000	0,052982
8,390000	0,052982
8,400000	0,051070
8,410000	0,051070
8,420000	0,050433
8,430000	0,051070
8,440000	0,050433
8,450000	0,053620
8,460000	0,052982
8,470000	0,051070
8,480000	0,048521
8,490000	0,052345
8,500000	0,047884
8,510000	0,048521
8,520000	0,049796
8,530000	0,049796
8,540000	0,047884
8,550000	0,049158
8,560000	0,049158
8,570000	0,049158
8,580000	0,049796
8,590000	0,049158
8,600000	0,047246
8,610000	0,051070
8,620000	0,046609
8,630000	0,051070
8,640000	0,050433
8,650000	0,051070
8,660000	0,051708
8,670000	0,053620
8,680000	0,052982
8,690000	0,053620
8,700000	0,056169
8,710000	0,053620
8,720000	0,056807
8,730000	0,056169
8,740000	0,059356
8,750000	0,059994
8,760000	0,060631
8,770000	0,062543
8,780000	0,061268
8,790000	0,065092
8,800000	0,066367
8,810000	0,068279
8,820000	0,068279
8,830000	0,070829
8,840000	0,075928
8,850000	0,076565
8,860000	0,077840
8,870000	0,081027
8,880000	0,085488
8,890000	0,089312
8,900000	0,091224
8,910000	0,095049
8,920000	0,097598
8,930000	0,099510
8,940000	0,105246
8,950000	0,105246
8,960000	0,110983
8,970000	0,109708
8,980000	0,112258
8,990000	0,114170
9,000000	0,114807
9,010000	0,117994
9,020000	0,117356
9,030000	0,117994
9,040000	0,119269
9,050000	0,122455
9,060000	0,123093
9,070000	0,123730
9,080000	0,123093
9,090000	0,121818
9,100000	0,123730
9,110000	0,121181
9,120000	0,125005
9,130000	0,123730
9,140000	0,119906
9,150000	0,117994
9,160000	0,117356
9,170000	0,109708
9,180000	0,107159
9,190000	0,101422
9,200000	0,099510
9,210000	0,096323
9,220000	0,095686
9,230000	0,086126
9,240000	0,082939
9,250000	0,084213
9,260000	0,078477
9,270000	0,077202
9,280000	0,073378
9,290000	0,076565
9,300000	0,072103
9,310000	0,068917
9,320000	0,065730
9,330000	0,068917
9,340000	0,067005
9,350000	0,065730
9,360000	0,062543
9,370000	0,063180
9,380000	0,060631
9,390000	0,061906
9,400000	0,061268
9,410000	0,060631
9,420000	0,056169
9,430000	0,061268
9,440000	0,054895
9,450000	0,058719
9,460000	0,054895
9,470000	0,055532
9,480000	0,056169
9,490000	0,053620
9,500000	0,055532
9,510000	0,053620
9,520000	0,053620
9,530000	0,052982
9,540000	0,052982
9,550000	0,053620
9,560000	0,050433
9,570000	0,053620
9,580000	0,051070
9,590000	0,051070
9,600000	0,052982
9,610000	0,052982
9,620000	0,051070
9,630000	0,051708
9,640000	0,051070
9,650000	0,051070
9,660000	0,050433
9,670000	0,051070
9,680000	0,051708
9,690000	0,050433
9,700000	0,049796
9,710000	0,049796
9,720000	0,051708
9,730000	0,048521
9,740000	0,049796
9,750000	0,048521
9,760000	0,049158
9,770000	0,050433
9,780000	0,049796
9,790000	0,049158
9,800000	0,049158
9,810000	0,047884
9,820000	0,047246
9,830000	0,050433
9,840000	0,047884
9,850000	0,049796
9,860000	0,049158
9,870000	0,047884
9,880000	0,050433
9,890000	0,050433
9,900000	0,051070
9,910000	0,052345
9,920000	0,053620
9,930000	0,054257
9,940000	0,052345
9,950000	0,052982
9,960000	0,054257
9,970000	0,056169
9,980000	0,053620
9,990000	0,055532
10,000000	0,056169
10,010000	0,059356
10,020000	0,061268
10,030000	0,062543
10,040000	0,060631
10,050000	0,065092
10,060000	0,065092
10,070000	0,070191
10,080000	0,072103
10,090000	0,074016
10,100000	0,074016
10,110000	0,077840
10,120000	0,082939
10,130000	0,086763
10,140000	0,086763
10,150000	0,091224
10,160000	0,092499
10,170000	0,096961
10,180000	0,097598
10,190000	0,099510
10,200000	0,107159
10,210000	0,108433
10,220000	0,109708
10,230000	0,111620
10,240000	0,113532
10,250000	0,114807
10,260000	0,112258
10,270000	0,116082
10,280000	0,116719
10,290000	0,119906
10,300000	0,119906
10,310000	0,117356
10,320000	0,119906
10,330000	0,122455
10,340000	0,122455
10,350000	0,124367
10,360000	0,119906
10,370000	0,123730
10,380000	0,120543
10,390000	0,121818
10,400000	0,117994
10,410000	0,121181
10,420000	0,112895
10,430000	0,110983
10,440000	0,106521
10,450000	0,102060
10,460000	0,096961
10,470000	0,096961
10,480000	0,090587
10,490000	0,088675
10,500000	0,085488
10,510000	0,084213
10,520000	0,081027
10,530000	0,079752
10,540000	0,077840
10,550000	0,072741
10,560000	0,071466
10,570000	0,070829
10,580000	0,070191
10,590000	0,068279
10,600000	0,067642
10,610000	0,064455
10,620000	0,064455
10,630000	0,064455
10,640000	0,061906
10,650000	0,060631
10,660000	0,060631
10,670000	0,058081
10,680000	0,057444
10,690000	0,057444
10,700000	0,057444
10,710000	0,056807
10,720000	0,056169
10,730000	0,057444
10,740000	0,055532
10,750000	0,056169
10,760000	0,054895
10,770000	0,054257
10,780000	0,051070
10,790000	0,053620
10,800000	0,051708
10,810000	0,051070
10,820000	0,051070
10,830000	0,053620
10,840000	0,051070
10,850000	0,053620
10,860000	0,053620
10,870000	0,052982
10,880000	0,051708
10,890000	0,052345
10,900000	0,049796
10,910000	0,052345
10,920000	0,051070
10,930000	0,052982
10,940000	0,049796
10,950000	0,050433
10,960000	0,049158
10,970000	0,047884
10,980000	0,050433
10,990000	0,048521
11,000000	0,048521
11,010000	0,051070
11,020000	0,046609
11,030000	0,048521
11,040000	0,048521
11,050000	0,047884
11,060000	0,047884
11,070000	0,049796
11,080000	0,048521
11,090000	0,048521
11,100000	0,048521
11,110000	0,047246
11,120000	0,049158
11,130000	0,047246
11,140000	0,051070
11,150000	0,051070
11,160000	0,051708
11,170000	0,051070
11,180000	0,052345
11,190000	0,052982
11,200000	0,052345
11,210000	0,054895
11,220000	0,052982
11,230000	0,056169
11,240000	0,057444
11,250000	0,058081
11,260000	0,058719
11,270000	0,058719
11,280000	0,059994
11,290000	0,062543
11,300000	0,065092
11,310000	0,067642
11,320000	0,065730
11,330000	0,067005
11,340000	0,072103
11,350000	0,073378
11,360000	0,076565
11,370000	0,078477
11,380000	0,081027
11,390000	0,086126
11,400000	0,088038
11,410000	0,091862
11,420000	0,094411
11,430000	0,098235
11,440000	0,099510
11,450000	0,101422
11,460000	0,102697
11,470000	0,105884
11,480000	0,105884
11,490000	0,109708
11,500000	0,111620
11,510000	0,111620
11,520000	0,109708
11,530000	0,113532
11,540000	0,114170
11,550000	0,114807
11,560000	0,114807
11,570000	0,116082
11,580000	0,119906
11,590000	0,121181
11,600000	0,121181
11,610000	0,119906
11,620000	0,117356
11,630000	0,121181
11,640000	0,119269
11,650000	0,119906
11,660000	0,119269
11,670000	0,114807
11,680000	0,111620
11,690000	0,109708
11,700000	0,105884
11,710000	0,102060
11,720000	0,096961
11,730000	0,093774
11,740000	0,092499
11,750000	0,089950
11,760000	0,087400
11,770000	0,082301
11,780000	0,080389
11,790000	0,078477
11,800000	0,074016
11,810000	0,074016
11,820000	0,071466
11,830000	0,068917
11,840000	0,069554
11,850000	0,067005
11,860000	0,067005
11,870000	0,067005
11,880000	0,062543
11,890000	0,061268
11,900000	0,061268
11,910000	0,062543
11,920000	0,059356
11,930000	0,059994
11,940000	0,056169
11,950000	0,058081
11,960000	0,056807
11,970000	0,054895
11,980000	0,055532
11,990000	0,056169
12,000000	0,054895
12,010000	0,055532
12,020000	0,055532
12,030000	0,053620
12,040000	0,051070
12,050000	0,050433
12,060000	0,053620
12,070000	0,052345
12,080000	0,049796
12,090000	0,051708
12,100000	0,053620
12,110000	0,050433
12,120000	0,051070
12,130000	0,052982
12,140000	0,051708
12,150000	0,049158
12,160000	0,051070
12,170000	0,052982
12,180000	0,049796
12,190000	0,050433
12,200000	0,051708
12,210000	0,052982
12,220000	0,051070
12,230000	0,048521
12,240000	0,050433
12,250000	0,049796
12,260000	0,050433
12,270000	0,049796
12,280000	0,048521
12,290000	0,048521
12,300000	0,051070
12,310000	0,048521
12,320000	0,047884
12,330000	0,048521
12,340000	0,047884
12,350000	0,048521
12,360000	0,050433
12,370000	0,043422
12,380000	0,049158
12,390000	0,050433
12,400000	0,049158
12,410000	0,051070
12,420000	0,051708
12,430000	0,051708
12,440000	0,051708
12,450000	0,054257
12,460000	0,052982
12,470000	0,055532
12,480000	0,055532
12,490000	0,056169
12,500000	0,056807
12,510000	0,058081
12,520000	0,058719
12,530000	0,065092
12,540000	0,061268
12,550000	0,063818
12,560000	0,065730
12,570000	0,065730
12,580000	0,066367
12,590000	0,068917
12,600000	0,073378
12,610000	0,074653
12,620000	0,077840
12,630000	0,080389
12,640000	0,081027
12,650000	0,086763
12,660000	0,089950
12,670000	0,092499
12,680000	0,094411
12,690000	0,098235
12,700000	0,099510
12,710000	0,099510
12,720000	0,105246
12,730000	0,107796
12,740000	0,109708
12,750000	0,109708
12,760000	0,111620
12,770000	0,121181
12,780000	0,112258
12,790000	0,116719
12,800000	0,116719
12,810000	0,115444
12,820000	0,116082
12,830000	0,116719
12,840000	0,119906
12,850000	0,119269
12,860000	0,118631
12,870000	0,119906
12,880000	0,120543
12,890000	0,122455
12,900000	0,119269
12,910000	0,120543
12,920000	0,114807
12,930000	0,117356
12,940000	0,109071
12,950000	0,110345
12,960000	0,105246
12,970000	0,104609
12,980000	0,095049
12,990000	0,094411
13,000000	0,090587
13,010000	0,089950
13,020000	0,083576
13,030000	0,081664
13,040000	0,079752
13,050000	0,079114
13,060000	0,076565
13,070000	0,073378
13,080000	0,068917
13,090000	0,073378
13,100000	0,068279
13,110000	0,068279
13,120000	0,065730
13,130000	0,063818
13,140000	0,061268
13,150000	0,061906
13,160000	0,059356
13,170000	0,059356
13,180000	0,059994
13,190000	0,059994
13,200000	0,058719
13,210000	0,056807
13,220000	0,056807
13,230000	0,056169
13,240000	0,054257
13,250000	0,047246
13,260000	0,054257
13,270000	0,056169
13,280000	0,052345
13,290000	0,054257
13,300000	0,051708
13,310000	0,052982
13,320000	0,050433
13,330000	0,052982
13,340000	0,050433
13,350000	0,051070
13,360000	0,049158
13,370000	0,049796
13,380000	0,050433
13,390000	0,051708
13,400000	0,048521
13,410000	0,052982
13,420000	0,051070
13,430000	0,049796
13,440000	0,052345
13,450000	0,051708
13,460000	0,051070
13,470000	0,049158
13,480000	0,050433
13,490000	0,050433
13,500000	0,049796
13,510000	0,048521
13,520000	0,048521
13,530000	0,049158
13,540000	0,048521
13,550000	0,049796
13,560000	0,048521
13,570000	0,044697
13,580000	0,047246
13,590000	0,049158
13,600000	0,049158
13,610000	0,045971
13,620000	0,046609
13,630000	0,051070
13,640000	0,050433
13,650000	0,049796
13,660000	0,049158
13,670000	0,049796
13,680000	0,051070
13,690000	0,048521
13,700000	0,051708
13,710000	0,052345
13,720000	0,054895
13,730000	0,056169
13,740000	0,054895
13,750000	0,053620
13,760000	0,056169
13,770000	0,056169
13,780000	0,060631
13,790000	0,059356
13,800000	0,059994
13,810000	0,063180
13,820000	0,064455
13,830000	0,065730
13,840000	0,068279
13,850000	0,072103
13,860000	0,070829
13,870000	0,075928
13,880000	0,075928
13,890000	0,078477
13,900000	0,083576
13,910000	0,084851
13,920000	0,087400
13,930000	0,091224
13,940000	0,093774
13,950000	0,101422
13,960000	0,099510
13,970000	0,101422
13,980000	0,103972
13,990000	0,106521
14,000000	0,107159
14,010000	0,111620
14,020000	0,112258
14,030000	0,112895
14,040000	0,112258
14,050000	0,114170
14,060000	0,112895
14,070000	0,116719
14,080000	0,113532
14,090000	0,117994
14,100000	0,117994
14,110000	0,119269
14,120000	0,118631
14,130000	0,117994
14,140000	0,119906
14,150000	0,121181
14,160000	0,117356
14,170000	0,117994
14,180000	0,114807
14,190000	0,116719
14,200000	0,113532
14,210000	0,112258
14,220000	0,105246
14,230000	0,105884
14,240000	0,099510
14,250000	0,096961
14,260000	0,093137
14,270000	0,091862
14,280000	0,085488
14,290000	0,084213
14,300000	0,078477
14,310000	0,080389
14,320000	0,076565
14,330000	0,074653
14,340000	0,074016
14,350000	0,072103
14,360000	0,068917
14,370000	0,067005
14,380000	0,065092
14,390000	0,065730
14,400000	0,065092
14,410000	0,067642
14,420000	0,062543
14,430000	0,060631
14,440000	0,061268
14,450000	0,061268
14,460000	0,057444
14,470000	0,058081
14,480000	0,054895
14,490000	0,056807
14,500000	0,053620
14,510000	0,055532
14,520000	0,054257
14,530000	0,052982
14,540000	0,052345
14,550000	0,054895
14,560000	0,052345
14,570000	0,047246
14,580000	0,053620
14,590000	0,054257
14,600000	0,052982
14,610000	0,051070
14,620000	0,051708
14,630000	0,051708
14,640000	0,051070
14,650000	0,051070
14,660000	0,051070
14,670000	0,052345
14,680000	0,051070
14,690000	0,051708
14,700000	0,051070
14,710000	0,051708
14,720000	0,049158
14,730000	0,052345
14,740000	0,049158
14,750000	0,050433
14,760000	0,049796
14,770000	0,050433
14,780000	0,048521
14,790000	0,047884
14,800000	0,045971
14,810000	0,049158
14,820000	0,045971
14,830000	0,046609
14,840000	0,045971
14,850000	0,048521
14,860000	0,047246
14,870000	0,049796
14,880000	0,049158
14,890000	0,048521
14,900000	0,048521
14,910000	0,049796
14,920000	0,051070
14,930000	0,051070
14,940000	0,050433
14,950000	0,056169
14,960000	0,051070
14,970000	0,052982
14,980000	0,051070
14,990000	0,054895
15,000000	0,054895
15,010000	0,055532
15,020000	0,056169
15,030000	0,058081
15,040000	0,061268
15,050000	0,058081
15,060000	0,059356
15,070000	0,064455
15,080000	0,065092
15,090000	0,067642
15,100000	0,066367
15,110000	0,071466
15,120000	0,071466
15,130000	0,075928
15,140000	0,074653
15,150000	0,079114
15,160000	0,081027
15,170000	0,085488
15,180000	0,087400
15,190000	0,091862
15,200000	0,094411
15,210000	0,096961
15,220000	0,096323
15,230000	0,102697
15,240000	0,102060
15,250000	0,109071
15,260000	0,105246
15,270000	0,109071
15,280000	0,108433
15,290000	0,113532
15,300000	0,114170
15,310000	0,114807
15,320000	0,112895
15,330000	0,115444
15,340000	0,112258
15,350000	0,116082
15,360000	0,117994
15,370000	0,119906
15,380000	0,119906
15,390000	0,117356
15,400000	0,120543
15,410000	0,121818
15,420000	0,117994
15,430000	0,119269
15,440000	0,114807
15,450000	0,114170
15,460000	0,114170
15,470000	0,109708
15,480000	0,104609
15,490000	0,102060
15,500000	0,098235
15,510000	0,095686
15,520000	0,090587
15,530000	0,086763
15,540000	0,085488
15,550000	0,084213
15,560000	0,077840
15,570000	0,076565
15,580000	0,074653
15,590000	0,074016
15,600000	0,070191
15,610000	0,071466
15,620000	0,070191
15,630000	0,067005
15,640000	0,064455
15,650000	0,065730
15,660000	0,063818
15,670000	0,061906
15,680000	0,061906
15,690000	0,059994
15,700000	0,058081
15,710000	0,057444
15,720000	0,058719
15,730000	0,061268
15,740000	0,058081
15,750000	0,058081
15,760000	0,055532
15,770000	0,052982
15,780000	0,055532
15,790000	0,055532
15,800000	0,054257
15,810000	0,054257
15,820000	0,053620
15,830000	0,054257
15,840000	0,054257
15,850000	0,053620
15,860000	0,052345
15,870000	0,051708
15,880000	0,051708
15,890000	0,049796
15,900000	0,051070
15,910000	0,050433
15,920000	0,049796
15,930000	0,050433
15,940000	0,052345
15,950000	0,051708
15,960000	0,049796
15,970000	0,049796
15,980000	0,051708
15,990000	0,051708
16,000000	0,051708
16,010000	0,050433
16,020000	0,048521
16,030000	0,047884
16,040000	0,049796
16,050000	0,049796
16,060000	0,047246
16,070000	0,047246
16,080000	0,048521
16,090000	0,047246
16,100000	0,047884
16,110000	0,047246
16,120000	0,045334
16,130000	0,048521
16,140000	0,046609
16,150000	0,049796
16,160000	0,051070
16,170000	0,050433
16,180000	0,049796
16,190000	0,047884
16,200000	0,052345
16,210000	0,050433
16,220000	0,050433
16,230000	0,051708
16,240000	0,051708
16,250000	0,052982
16,260000	0,054257
16,270000	0,054895
16,280000	0,058719
16,290000	0,059994
16,300000	0,061268
16,310000	0,059994
16,320000	0,061906
16,330000	0,062543
16,340000	0,063818
16,350000	0,068279
16,360000	0,068917
16,370000	0,070191
16,380000	0,072741
16,390000	0,074016
16,400000	0,075928
16,410000	0,081027
16,420000	0,082301
16,430000	0,086763
16,440000	0,088038
16,450000	0,094411
16,460000	0,093774
16,470000	0,096323
16,480000	0,100785
16,490000	0,102060
16,500000	0,105884
16,510000	0,107159
16,520000	0,104609
16,530000	0,110983
16,540000	0,110345
16,550000	0,113532
16,560000	0,111620
16,570000	0,114807
16,580000	0,114807
16,590000	0,114807
16,600000	0,114170
16,610000	0,114807
16,620000	0,115444
16,630000	0,116082
16,640000	0,119906
16,650000	0,121181
16,660000	0,117356
16,670000	0,118631
16,680000	0,118631
16,690000	0,114807
16,700000	0,116082
16,710000	0,114170
16,720000	0,110345
16,730000	0,110983
16,740000	0,107159
16,750000	0,103972
16,760000	0,100785
16,770000	0,096961
16,780000	0,093774
16,790000	0,088675
16,800000	0,086126
16,810000	0,081664
16,820000	0,079114
16,830000	0,077202
16,840000	0,075928
16,850000	0,074016
16,860000	0,072741
16,870000	0,069554
16,880000	0,068917
16,890000	0,065730
16,900000	0,063818
16,910000	0,064455
16,920000	0,060631
16,930000	0,062543
16,940000	0,062543
16,950000	0,059994
16,960000	0,056807
16,970000	0,058081
16,980000	0,054895
16,990000	0,056169
17,000000	0,056807
17,010000	0,055532
17,020000	0,052982
17,030000	0,054257
17,040000	0,055532
17,050000	0,051070
17,060000	0,053620
17,070000	0,052345
17,080000	0,052982
17,090000	0,052345
17,100000	0,050433
17,110000	0,051070
17,120000	0,051070
17,130000	0,051070
17,140000	0,050433
17,150000	0,051708
17,160000	0,049796
17,170000	0,050433
17,180000	0,049796
17,190000	0,051070
17,200000	0,049796
17,210000	0,051070
17,220000	0,050433
17,230000	0,049796
17,240000	0,047246
17,250000	0,051708
17,260000	0,051070
17,270000	0,051070
17,280000	0,046609
17,290000	0,047246
17,300000	0,049158
17,310000	0,046609
17,320000	0,048521
17,330000	0,047884
17,340000	0,045334
17,350000	0,047246
17,360000	0,049158
17,370000	0,045971
17,380000	0,048521
17,390000	0,046609
17,400000	0,048521
17,410000	0,049158
17,420000	0,047884
17,430000	0,049158
17,440000	0,048521
17,450000	0,051070
17,460000	0,048521
17,470000	0,050433
17,480000	0,051708
17,490000	0,052982
17,500000	0,052982
17,510000	0,054895
17,520000	0,053620
17,530000	0,054895
17,540000	0,054257
17,550000	0,058081
17,560000	0,056807
17,570000	0,059356
17,580000	0,061906
17,590000	0,061268
17,600000	0,065092
17,610000	0,068279
17,620000	0,070191
17,630000	0,071466
17,640000	0,071466
17,650000	0,074016
17,660000	0,075928
17,670000	0,079752
17,680000	0,080389
17,690000	0,085488
17,700000	0,089312
17,710000	0,092499
17,720000	0,093137
17,730000	0,095049
17,740000	0,099510
17,750000	0,101422
17,760000	0,102697
17,770000	0,101422
17,780000	0,106521
17,790000	0,107796
17,800000	0,110983
17,810000	0,109071
17,820000	0,112258
17,830000	0,109708
17,840000	0,112258
17,850000	0,110983
17,860000	0,115444
17,870000	0,114170
17,880000	0,112258
17,890000	0,117356
17,900000	0,115444
17,910000	0,117356
17,920000	0,117356
17,930000	0,119269
17,940000	0,115444
17,950000	0,116719
17,960000	0,117356
17,970000	0,117356
17,980000	0,112895
17,990000	0,110345
18,000000	0,107796
18,010000	0,106521
18,020000	0,098235
18,030000	0,097598
18,040000	0,092499
18,050000	0,092499
18,060000	0,085488
18,070000	0,085488
18,080000	0,082301
18,090000	0,081027
18,100000	0,072741
18,110000	0,073378
18,120000	0,072741
18,130000	0,070829
18,140000	0,069554
18,150000	0,065730
18,160000	0,064455
18,170000	0,066367
18,180000	0,065730
18,190000	0,062543
18,200000	0,061906
18,210000	0,061268
18,220000	0,058719
18,230000	0,059356
18,240000	0,056807
18,250000	0,056169
18,260000	0,056807
18,270000	0,056169
18,280000	0,055532
18,290000	0,056169
18,300000	0,054257
18,310000	0,056169
18,320000	0,053620
18,330000	0,054257
18,340000	0,053620
18,350000	0,051708
18,360000	0,051708
18,370000	0,051708
18,380000	0,051070
18,390000	0,051070
18,400000	0,051070
18,410000	0,051708
18,420000	0,049796
18,430000	0,051070
18,440000	0,050433
18,450000	0,050433
18,460000	0,050433
18,470000	0,048521
18,480000	0,049796
18,490000	0,048521
18,500000	0,051708
18,510000	0,049158
18,520000	0,050433
18,530000	0,049796
18,540000	0,048521
18,550000	0,047884
18,560000	0,048521
18,570000	0,049158
18,580000	0,048521
18,590000	0,046609
18,600000	0,049796
18,610000	0,046609
18,620000	0,049158
18,630000	0,048521
18,640000	0,048521
18,650000	0,050433
18,660000	0,048521
18,670000	0,049158
18,680000	0,047246
18,690000	0,050433
18,700000	0,049796
18,710000	0,049796
18,720000	0,049158
18,730000	0,050433
18,740000	0,052982
18,750000	0,052982
18,760000	0,054895
18,770000	0,054257
18,780000	0,054257
18,790000	0,056807
18,800000	0,057444
18,810000	0,058719
18,820000	0,059994
18,830000	0,059356
18,840000	0,061268
18,850000	0,062543
18,860000	0,066367
18,870000	0,065730
18,880000	0,067005
18,890000	0,068917
18,900000	0,074653
18,910000	0,071466
18,920000	0,077840
18,930000	0,079114
18,940000	0,082301
18,950000	0,083576
18,960000	0,086763
18,970000	0,091224
18,980000	0,093774
18,990000	0,098235
19,000000	0,096961
19,010000	0,102697
19,020000	0,102060
19,030000	0,107159
19,040000	0,103972
19,050000	0,109708
19,060000	0,110345
19,070000	0,109708
19,080000	0,109708
19,090000	0,111620
19,100000	0,110983
19,110000	0,112258
19,120000	0,113532
19,130000	0,114170
19,140000	0,110345
19,150000	0,118631
19,160000	0,114170
19,170000	0,119906
19,180000	0,116082
19,190000	0,117356
19,200000	0,117994
19,210000	0,119269
19,220000	0,114170
19,230000	0,116082
19,240000	0,110983
19,250000	0,109708
19,260000	0,102697
19,270000	0,102060
19,280000	0,098235
19,290000	0,093774
19,300000	0,088675
19,310000	0,088038
19,320000	0,083576
19,330000	0,084213
19,340000	0,081027
19,350000	0,081027
19,360000	0,072741
19,370000	0,074016
19,380000	0,068917
19,390000	0,068917
19,400000	0,066367
19,410000	0,067005
19,420000	0,066367
19,430000	0,062543
19,440000	0,063818
19,450000	0,061906
19,460000	0,061268
19,470000	0,059356
19,480000	0,058719
19,490000	0,057444
19,500000	0,057444
19,510000	0,059356
19,520000	0,054257
19,530000	0,052982
19,540000	0,056169
19,550000	0,056169
19,560000	0,052345
19,570000	0,052345
19,580000	0,053620
19,590000	0,052345
19,600000	0,051708
19,610000	0,053620
19,620000	0,051708
19,630000	0,051708
19,640000	0,052982
19,650000	0,052345
19,660000	0,051070
19,670000	0,052345
19,680000	0,047884
19,690000	0,051070
19,700000	0,051708
19,710000	0,051070
19,720000	0,050433
19,730000	0,047246
19,740000	0,052345
19,750000	0,048521
19,760000	0,050433
19,770000	0,047246
19,780000	0,051708
19,790000	0,049158
19,800000	0,049158
19,810000	0,047884
19,820000	0,049158
19,830000	0,045971
19,840000	0,048521
19,850000	0,048521
19,860000	0,047246
19,870000	0,045334
19,880000	0,047246
19,890000	0,048521
19,900000	0,045971
19,910000	0,049158
19,920000	0,048521
19,930000	0,047246
19,940000	0,049158
19,950000	0,049158
19,960000	0,050433
19,970000	0,047884
19,980000	0,051070
19,990000	0,049796
20,000000	0,053620
20,010000	0,052345
20,020000	0,053620
20,030000	0,054895
20,040000	0,055532
20,050000	0,056169
20,060000	0,057444
20,070000	0,055532
20,080000	0,058719
20,090000	0,061268
20,100000	0,062543
20,110000	0,059994
20,120000	0,066367
20,130000	0,067642
20,140000	0,070191
20,150000	0,068917
20,160000	0,071466
20,170000	0,074016
20,180000	0,076565
20,190000	0,082301
20,200000	0,083576
20,210000	0,086126
20,220000	0,088038
20,230000	0,091224
20,240000	0,095049
20,250000	0,096323
20,260000	0,100148
20,270000	0,102697
20,280000	0,103334
20,290000	0,107796
20,300000	0,108433
20,310000	0,112258
20,320000	0,107159
20,330000	0,112258
20,340000	0,111620
20,350000	0,112895
20,360000	0,112258
20,370000	0,113532
20,380000	0,112895
20,390000	0,116082
20,400000	0,117356
20,410000	0,115444
20,420000	0,114807
20,430000	0,114807
20,440000	0,117994
20,450000	0,121818
20,460000	0,117994
20,470000	0,117994
20,480000	0,114807
20,490000	0,112258
20,500000	0,110345
20,510000	0,107796
20,520000	0,106521
20,530000	0,100148
20,540000	0,096961
20,550000	0,095049
20,560000	0,089312
20,570000	0,086763
20,580000	0,084213
20,590000	0,083576
20,600000	0,079114
20,610000	0,076565
20,620000	0,075928
20,630000	0,074016
20,640000	0,070191
20,650000	0,070191
20,660000	0,065730
20,670000	0,065730
20,680000	0,066367
20,690000	0,064455
20,700000	0,059994
20,710000	0,060631
20,720000	0,059356
20,730000	0,060631
20,740000	0,061268
20,750000	0,056169
20,760000	0,056807
20,770000	0,056169
20,780000	0,056169
20,790000	0,056807
20,800000	0,054895
20,810000	0,054895
20,820000	0,053620
20,830000	0,054895
20,840000	0,052345
20,850000	0,052345
20,860000	0,054257
20,870000	0,050433
20,880000	0,050433
20,890000	0,052982
20,900000	0,051070
20,910000	0,050433
20,920000	0,051708
20,930000	0,052982
20,940000	0,052982
20,950000	0,051070
20,960000	0,050433
20,970000	0,053620
20,980000	0,048521
20,990000	0,049158
21,000000	0,051070
21,010000	0,049796
21,020000	0,051070
21,030000	0,051708
21,040000	0,051070
21,050000	0,049158
21,060000	0,048521
21,070000	0,049158
21,080000	0,047246
21,090000	0,048521
21,100000	0,049796
21,110000	0,048521
21,120000	0,047884
21,130000	0,046609
21,140000	0,048521
21,150000	0,047884
21,160000	0,048521
21,170000	0,047884
21,180000	0,046609
21,190000	0,046609
21,200000	0,046609
21,210000	0,050433
21,220000	0,050433
21,230000	0,051708
21,240000	0,051070
21,250000	0,051070
21,260000	0,051070
21,270000	0,050433
21,280000	0,049796
21,290000	0,052982
21,300000	0,054895
21,310000	0,055532
21,320000	0,055532
21,330000	0,056169
21,340000	0,058081
21,350000	0,059994
21,360000	0,061268
21,370000	0,065092
21,380000	0,065092
21,390000	0,066367
21,400000	0,068279
21,410000	0,071466
21,420000	0,072103
21,430000	0,074016
21,440000	0,073378
21,450000	0,081027
21,460000	0,084851
21,470000	0,086763
21,480000	0,086126
21,490000	0,094411
21,500000	0,095049
21,510000	0,099510
21,520000	0,101422
21,530000	0,102060
21,540000	0,104609
21,550000	0,106521
21,560000	0,107159
21,570000	0,106521
21,580000	0,109708
21,590000	0,109708
21,600000	0,113532
21,610000	0,112258
21,620000	0,115444
21,630000	0,114170
21,640000	0,114170
21,650000	0,115444
21,660000	0,115444
21,670000	0,114807
21,680000	0,117356
21,690000	0,117994
21,700000	0,119269
21,710000	0,119269
21,720000	0,118631
21,730000	0,115444
21,740000	0,111620
21,750000	0,114170
21,760000	0,112258
21,770000	0,107796
21,780000	0,104609
21,790000	0,100148
21,800000	0,096323
21,810000	0,093774
21,820000	0,088675
21,830000	0,086126
21,840000	0,084213
21,850000	0,081664
21,860000	0,078477
21,870000	0,077202
21,880000	0,073378
21,890000	0,074653
21,900000	0,070191
21,910000	0,068917
21,920000	0,067005
21,930000	0,066367
21,940000	0,065092
21,950000	0,064455
21,960000	0,064455
21,970000	0,061268
21,980000	0,063180
21,990000	0,059994
22,000000	0,058719
22,010000	0,058719
22,020000	0,056169
22,030000	0,054895
22,040000	0,056169
22,050000	0,054895
22,060000	0,056169
22,070000	0,054895
22,080000	0,056169
22,090000	0,051070
22,100000	0,053620
22,110000	0,052982
22,120000	0,051070
22,130000	0,053620
22,140000	0,051070
22,150000	0,051708
22,160000	0,052345
22,170000	0,050433
22,180000	0,050433
22,190000	0,049158
22,200000	0,051070
22,210000	0,048521
22,220000	0,051708
22,230000	0,048521
22,240000	0,051070
22,250000	0,049796
22,260000	0,048521
22,270000	0,049796
22,280000	0,049796
22,290000	0,047884
22,300000	0,051070
22,310000	0,048521
22,320000	0,049158
22,330000	0,048521
22,340000	0,047246
22,350000	0,047246
22,360000	0,048521
22,370000	0,049796
22,380000	0,046609
22,390000	0,046609
22,400000	0,046609
22,410000	0,046609
22,420000	0,048521
22,430000	0,047246
22,440000	0,049796
22,450000	0,048521
22,460000	0,049158
22,470000	0,046609
22,480000	0,049158
22,490000	0,049796
22,500000	0,051070
22,510000	0,052982
22,520000	0,052982
22,530000	0,051070
22,540000	0,054257
22,550000	0,054257
22,560000	0,055532
22,570000	0,056169
22,580000	0,057444
22,590000	0,058081
22,600000	0,059994
22,610000	0,063180
22,620000	0,063818
22,630000	0,063180
22,640000	0,064455
22,650000	0,067005
22,660000	0,069554
22,670000	0,070829
22,680000	0,074653
22,690000	0,074016
22,700000	0,079114
22,710000	0,081664
22,720000	0,083576
22,730000	0,086763
22,740000	0,089312
22,750000	0,091224
22,760000	0,096961
22,770000	0,095686
22,780000	0,100148
22,790000	0,101422
22,800000	0,101422
22,810000	0,106521
22,820000	0,106521
22,830000	0,107159
22,840000	0,105884
22,850000	0,112258
22,860000	0,111620
22,870000	0,110983
22,880000	0,114807
22,890000	0,112895
22,900000	0,110983
22,910000	0,115444
22,920000	0,113532
22,930000	0,113532
22,940000	0,114807
22,950000	0,117356
22,960000	0,114170
22,970000	0,116719
22,980000	0,114170
22,990000	0,117994
23,000000	0,112258
23,010000	0,114170
23,020000	0,110983
23,030000	0,107796
23,040000	0,104609
23,050000	0,101422
23,060000	0,096961
23,070000	0,093774
23,080000	0,091862
23,090000	0,087400
23,100000	0,085488
23,110000	0,079114
23,120000	0,079114
23,130000	0,077840
23,140000	0,075290
23,150000	0,070829
23,160000	0,072741
23,170000	0,070191
23,180000	0,068279
23,190000	0,065730
23,200000	0,065730
23,210000	0,065730
23,220000	0,063818
23,230000	0,063180
23,240000	0,061268
23,250000	0,059994
23,260000	0,060631
23,270000	0,060631
23,280000	0,057444
23,290000	0,056169
23,300000	0,056807
23,310000	0,055532
23,320000	0,052345
23,330000	0,053620
23,340000	0,054895
23,350000	0,053620
23,360000	0,050433
23,370000	0,051708
23,380000	0,052982
23,390000	0,052982
23,400000	0,050433
23,410000	0,049158
23,420000	0,051708
23,430000	0,050433
23,440000	0,050433
23,450000	0,051070
23,460000	0,050433
23,470000	0,049796
23,480000	0,051070
23,490000	0,050433
23,500000	0,048521
23,510000	0,048521
23,520000	0,049796
23,530000	0,050433
23,540000	0,051708
23,550000	0,049796
23,560000	0,048521
23,570000	0,047884
23,580000	0,045334
23,590000	0,047246
23,600000	0,047246
23,610000	0,046609
23,620000	0,046609
23,630000	0,045971
23,640000	0,049158
23,650000	0,048521
23,660000	0,045971
23,670000	0,045971
23,680000	0,048521
23,690000	0,047884
23,700000	0,049158
23,710000	0,045334
23,720000	0,051070
23,730000	0,048521
23,740000	0,051070
23,750000	0,050433
23,760000	0,050433
23,770000	0,051070
23,780000	0,049796
23,790000	0,051708
23,800000	0,054895
23,810000	0,056169
23,820000	0,054895
23,830000	0,056169
23,840000	0,055532
23,850000	0,056807
23,860000	0,058081
23,870000	0,060631
23,880000	0,061906
23,890000	0,065730
23,900000	0,061906
23,910000	0,067642
23,920000	0,070829
23,930000	0,073378
23,940000	0,073378
23,950000	0,077202
23,960000	0,077840
23,970000	0,082301
23,980000	0,084213
23,990000	0,088675
24,000000	0,090587
24,010000	0,094411
24,020000	0,093774
24,030000	0,097598
24,040000	0,099510
24,050000	0,103334
24,060000	0,105246
24,070000	0,104609
24,080000	0,105884
24,090000	0,110983
24,100000	0,107159
24,110000	0,109708
24,120000	0,109071
24,130000	0,114807
24,140000	0,109071
24,150000	0,116082
24,160000	0,114170
24,170000	0,115444
24,180000	0,114807
24,190000	0,113532
24,200000	0,117994
24,210000	0,116082
24,220000	0,118631
24,230000	0,114170
24,240000	0,117356
24,250000	0,116082
24,260000	0,117356
24,270000	0,110983
24,280000	0,112258
24,290000	0,107796
24,300000	0,105246
24,310000	0,102060
24,320000	0,099510
24,330000	0,095049
24,340000	0,090587
24,350000	0,090587
24,360000	0,086763
24,370000	0,082939
24,380000	0,080389
24,390000	0,078477
24,400000	0,072741
24,410000	0,069554
24,420000	0,070829
24,430000	0,069554
24,440000	0,069554
24,450000	0,067642
24,460000	0,065092
24,470000	0,064455
24,480000	0,061268
24,490000	0,061906
24,500000	0,060631
24,510000	0,059356
24,520000	0,058719
24,530000	0,061906
24,540000	0,056807
24,550000	0,056807
24,560000	0,056807
24,570000	0,055532
24,580000	0,054895
24,590000	0,052982
24,600000	0,052982
24,610000	0,053620
24,620000	0,054257
24,630000	0,054895
24,640000	0,051070
24,650000	0,053620
24,660000	0,051070
24,670000	0,051708
24,680000	0,049796
24,690000	0,053620
24,700000	0,050433
24,710000	0,050433
24,720000	0,051070
24,730000	0,050433
24,740000	0,048521
24,750000	0,051708
24,760000	0,048521
24,770000	0,048521
24,780000	0,049796
24,790000	0,049158
24,800000	0,049796
24,810000	0,048521
24,820000	0,047884
24,830000	0,049796
24,840000	0,050433
24,850000	0,050433
24,860000	0,049158
24,870000	0,049158
24,880000	0,048521
24,890000	0,048521
24,900000	0,049158
24,910000	0,047246
24,920000	0,045971
24,930000	0,047884
24,940000	0,048521
24,950000	0,047884
24,960000	0,049796
24,970000	0,048521
24,980000	0,047884
24,990000	0,049796
25,000000	0,049796
25,010000	0,049796
25,020000	0,048521
25,030000	0,050433
25,040000	0,051708
25,050000	0,052982
25,060000	0,054257
25,070000	0,054257
25,080000	0,052982
25,090000	0,054895
25,100000	0,055532
25,110000	0,059356
25,120000	0,059994
25,130000	0,059356
25,140000	0,061268
25,150000	0,063180
25,160000	0,065730
25,170000	0,064455
25,180000	0,069554
25,190000	0,070191
25,200000	0,075928
25,210000	0,076565
25,220000	0,077202
25,230000	0,081027
25,240000	0,084213
25,250000	0,086763
25,260000	0,090587
25,270000	0,093137
25,280000	0,093774
25,290000	0,098873
25,300000	0,099510
25,310000	0,101422
25,320000	0,103334
25,330000	0,103334
25,340000	0,103972
25,350000	0,108433
25,360000	0,108433
25,370000	0,110983
25,380000	0,110983
25,390000	0,110983
25,400000	0,114807
25,410000	0,110983
25,420000	0,110983
25,430000	0,117356
25,440000	0,112895
25,450000	0,113532
25,460000	0,117356
25,470000	0,112895
25,480000	0,116082
25,490000	0,118631
25,500000	0,116082
25,510000	0,119269
25,520000	0,111620
25,530000	0,116082
25,540000	0,111620
25,550000	0,109708
25,560000	0,104609
25,570000	0,100148
25,580000	0,098873
25,590000	0,094411
25,600000	0,088675
25,610000	0,088038
25,620000	0,082301
25,630000	0,083576
25,640000	0,079114
25,650000	0,076565
25,660000	0,076565
25,670000	0,074016
25,680000	0,070191
25,690000	0,068917
25,700000	0,066367
25,710000	0,068279
25,720000	0,064455
25,730000	0,065730
25,740000	0,060631
25,750000	0,063818
25,760000	0,059356
25,770000	0,058719
25,780000	0,061906
25,790000	0,057444
25,800000	0,054895
25,810000	0,057444
25,820000	0,055532
25,830000	0,054895
25,840000	0,052982
25,850000	0,054257
25,860000	0,055532
25,870000	0,052982
25,880000	0,051070
25,890000	0,054257
25,900000	0,052982
25,910000	0,052345
25,920000	0,049796
25,930000	0,053620
25,940000	0,051070
25,950000	0,054257
25,960000	0,051708
25,970000	0,051070
25,980000	0,051070
25,990000	0,049796
26,000000	0,051070
26,010000	0,052345
26,020000	0,049796
26,030000	0,050433
26,040000	0,051070
26,050000	0,051070
26,060000	0,049796
26,070000	0,048521
26,080000	0,047246
26,090000	0,048521
26,100000	0,048521
26,110000	0,049796
26,120000	0,047246
26,130000	0,047246
26,140000	0,047246
26,150000	0,048521
26,160000	0,047246
26,170000	0,047884
26,180000	0,048521
26,190000	0,047246
26,200000	0,048521
26,210000	0,047884
26,220000	0,049796
26,230000	0,048521
26,240000	0,049158
26,250000	0,049796
26,260000	0,051070
26,270000	0,048521
26,280000	0,049158
26,290000	0,050433
26,300000	0,051708
26,310000	0,052982
26,320000	0,051070
26,330000	0,056169
26,340000	0,054895
26,350000	0,058081
26,360000	0,056169
26,370000	0,057444
26,380000	0,059994
26,390000	0,061268
26,400000	0,059356
26,410000	0,064455
26,420000	0,062543
26,430000	0,066367
26,440000	0,068917
26,450000	0,074016
26,460000	0,071466
26,470000	0,074016
26,480000	0,076565
26,490000	0,081027
26,500000	0,084213
26,510000	0,086126
26,520000	0,089312
26,530000	0,092499
26,540000	0,095049
26,550000	0,096961
26,560000	0,098873
26,570000	0,101422
26,580000	0,104609
26,590000	0,103972
26,600000	0,106521
26,610000	0,106521
26,620000	0,111620
26,630000	0,111620
26,640000	0,112258
26,650000	0,111620
26,660000	0,112895
26,670000	0,114807
26,680000	0,112258
26,690000	0,114170
26,700000	0,114170
26,710000	0,114170
26,720000	0,113532
26,730000	0,119906
26,740000	0,119269
26,750000	0,114170
26,760000	0,112895
26,770000	0,119906
26,780000	0,111620
26,790000	0,112895
26,800000	0,112258
26,810000	0,109071
26,820000	0,102697
26,830000	0,101422
26,840000	0,096961
26,850000	0,094411
26,860000	0,087400
26,870000	0,088038
26,880000	0,082939
26,890000	0,080389
26,900000	0,081664
26,910000	0,075928
26,920000	0,077202
26,930000	0,071466
26,940000	0,071466
26,950000	0,068917
26,960000	0,067005
26,970000	0,065730
26,980000	0,065092
26,990000	0,063180
27,000000	0,061906
27,010000	0,058719
27,020000	0,059994
27,030000	0,059994
27,040000	0,059994
27,050000	0,056169
27,060000	0,058081
27,070000	0,055532
27,080000	0,054895
27,090000	0,054257
27,100000	0,054257
27,110000	0,053620
27,120000	0,053620
27,130000	0,052345
27,140000	0,052982
27,150000	0,052345
27,160000	0,052982
27,170000	0,054257
27,180000	0,052345
27,190000	0,051070
27,200000	0,052345
27,210000	0,050433
27,220000	0,052982
27,230000	0,049796
27,240000	0,048521
27,250000	0,049796
27,260000	0,050433
27,270000	0,051708
27,280000	0,049796
27,290000	0,049796
27,300000	0,049158
27,310000	0,051070
27,320000	0,050433
27,330000	0,049796
27,340000	0,048521
27,350000	0,047884
27,360000	0,049158
27,370000	0,047884
27,380000	0,047246
27,390000	0,049796
27,400000	0,047246
27,410000	0,046609
27,420000	0,045971
27,430000	0,047246
27,440000	0,047246
27,450000	0,047246
27,460000	0,048521
27,470000	0,047246
27,480000	0,047884
27,490000	0,047884
27,500000	0,047246
27,510000	0,049158
27,520000	0,047884
27,530000	0,049796
27,540000	0,048521
27,550000	0,051070
27,560000	0,051708
27,570000	0,052345
27,580000	0,054895
27,590000	0,053620
27,600000	0,054257
27,610000	0,055532
27,620000	0,055532
27,630000	0,057444
27,640000	0,056807
27,650000	0,059994
27,660000	0,063180
27,670000	0,065092
27,680000	0,064455
27,690000	0,066367
27,700000	0,070829
27,710000	0,071466
27,720000	0,073378
27,730000	0,075928
27,740000	0,079752
27,750000	0,080389
27,760000	0,086126
27,770000	0,085488
27,780000	0,091862
27,790000	0,091224
27,800000	0,093774
27,810000	0,099510
27,820000	0,097598
27,830000	0,099510
27,840000	0,100785
27,850000	0,105246
27,860000	0,106521
27,870000	0,105884
27,880000	0,107796
27,890000	0,110345
27,900000	0,110983
27,910000	0,110983
27,920000	0,109708
27,930000	0,112258
27,940000	0,112258
27,950000	0,118631
27,960000	0,113532
27,970000	0,114170
27,980000	0,117994
27,990000	0,116719
28,000000	0,116082
28,010000	0,115444
28,020000	0,118631
28,030000	0,117356
28,040000	0,113532
28,050000	0,112258
28,060000	0,110983
28,070000	0,105246
28,080000	0,107159
28,090000	0,100785
28,100000	0,093137
28,110000	0,089312
28,120000	0,089312
28,130000	0,086763
28,140000	0,083576
28,150000	0,081664
28,160000	0,079114
28,170000	0,075290
28,180000	0,075290
28,190000	0,074016
28,200000	0,070829
28,210000	0,067005
28,220000	0,068917
28,230000	0,065092
28,240000	0,065730
28,250000	0,061906
28,260000	0,063818
28,270000	0,060631
28,280000	0,061906
28,290000	0,057444
28,300000	0,056169
28,310000	0,058719
28,320000	0,056807
28,330000	0,056169
28,340000	0,056807
28,350000	0,054257
28,360000	0,054895
28,370000	0,053620
28,380000	0,053620
28,390000	0,050433
28,400000	0,051708
28,410000	0,053620
28,420000	0,051070
28,430000	0,051708
28,440000	0,051070
28,450000	0,052345
28,460000	0,050433
28,470000	0,052982
28,480000	0,050433
28,490000	0,050433
28,500000	0,049796
28,510000	0,048521
28,520000	0,050433
28,530000	0,049158
28,540000	0,048521
28,550000	0,048521
28,560000	0,051708
28,570000	0,047884
28,580000	0,049158
28,590000	0,050433
28,600000	0,047884
28,610000	0,049158
28,620000	0,049796
28,630000	0,048521
28,640000	0,048521
28,650000	0,049796
28,660000	0,048521
28,670000	0,045971
28,680000	0,048521
28,690000	0,046609
28,700000	0,047246
28,710000	0,047246
28,720000	0,049158
28,730000	0,047884
28,740000	0,046609
28,750000	0,049158
28,760000	0,051070
28,770000	0,047884
28,780000	0,052982
28,790000	0,051070
28,800000	0,049796
28,810000	0,052982
28,820000	0,053620
28,830000	0,049796
28,840000	0,052982
28,850000	0,054895
28,860000	0,057444
28,870000	0,057444
28,880000	0,056169
28,890000	0,058719
28,900000	0,061268
28,910000	0,059356
28,920000	0,062543
28,930000	0,063180
28,940000	0,066367
28,950000	0,066367
28,960000	0,070191
28,970000	0,069554
28,980000	0,076565
28,990000	0,076565
29,000000	0,079114
29,010000	0,079752
29,020000	0,083576
29,030000	0,084213
29,040000	0,093137
29,050000	0,089950
29,060000	0,095686
29,070000	0,095686
29,080000	0,100785
29,090000	0,101422
29,100000	0,103334
29,110000	0,104609
29,120000	0,107796
29,130000	0,105884
29,140000	0,108433
29,150000	0,109071
29,160000	0,112258
29,170000	0,109708
29,180000	0,114807
29,190000	0,110345
29,200000	0,114807
29,210000	0,112258
29,220000	0,116082
29,230000	0,116082
29,240000	0,116719
29,250000	0,112258
29,260000	0,117356
29,270000	0,116719
29,280000	0,117356
29,290000	0,114807
29,300000	0,112895
29,310000	0,111620
29,320000	0,108433
29,330000	0,106521
29,340000	0,103972
29,350000	0,102060
29,360000	0,098873
29,370000	0,091862
29,380000	0,090587
29,390000	0,086126
29,400000	0,086126
29,410000	0,081664
29,420000	0,081027
29,430000	0,076565
29,440000	0,078477
29,450000	0,073378
29,460000	0,071466
29,470000	0,070191
29,480000	0,068279
29,490000	0,068279
29,500000	0,065730
29,510000	0,059994
29,520000	0,061906
29,530000	0,061906
29,540000	0,058719
29,550000	0,059356
29,560000	0,060631
29,570000	0,061268
29,580000	0,058081
29,590000	0,056169
29,600000	0,054895
29,610000	0,055532
29,620000	0,054895
29,630000	0,054895
29,640000	0,052345
29,650000	0,053620
29,660000	0,052982
29,670000	0,053620
29,680000	0,050433
29,690000	0,052982
29,700000	0,051708
29,710000	0,052345
29,720000	0,050433
29,730000	0,049158
29,740000	0,046609
29,750000	0,049796
29,760000	0,051070
29,770000	0,050433
29,780000	0,047884
29,790000	0,048521
29,800000	0,051708
29,810000	0,047884
29,820000	0,049158
29,830000	0,051070
29,840000	0,049796
29,850000	0,047884
29,860000	0,050433
29,870000	0,048521
29,880000	0,047884
29,890000	0,047884
29,900000	0,048521
29,910000	0,047884
29,920000	0,046609
29,930000	0,048521
29,940000	0,047884
29,950000	0,047246
29,960000	0,045334
29,970000	0,047246
29,980000	0,047884
29,990000	0,047884
30,000000	0,049796
30,010000	0,049158
30,020000	0,046609
30,030000	0,049158
30,040000	0,048521
30,050000	0,051708
30,060000	0,048521
30,070000	0,051070
30,080000	0,053620
30,090000	0,050433
30,100000	0,051070
30,110000	0,055532
30,120000	0,056169
30,130000	0,054895
30,140000	0,057444
30,150000	0,058081
30,160000	0,058719
30,170000	0,061906
30,180000	0,059356
30,190000	0,062543
30,200000	0,066367
30,210000	0,068917
30,220000	0,066367
30,230000	0,070829
30,240000	0,073378
30,250000	0,074653
30,260000	0,077840
30,270000	0,078477
30,280000	0,086126
30,290000	0,082939
30,300000	0,091224
30,310000	0,092499
30,320000	0,096323
30,330000	0,098873
30,340000	0,103334
30,350000	0,100148
30,360000	0,102060
30,370000	0,103972
30,380000	0,107159
30,390000	0,105884
30,400000	0,109071
30,410000	0,110983
30,420000	0,109071
30,430000	0,113532
30,440000	0,113532
30,450000	0,115444
30,460000	0,116719
30,470000	0,111620
30,480000	0,112895
30,490000	0,114807
30,500000	0,117356
30,510000	0,117356
30,520000	0,117994
30,530000	0,114170
30,540000	0,116082
30,550000	0,117356
30,560000	0,113532
30,570000	0,116082
30,580000	0,109071
30,590000	0,107796
30,600000	0,102697
30,610000	0,102060
30,620000	0,097598
30,630000	0,094411
30,640000	0,088675
30,650000	0,089312
30,660000	0,086763
30,670000	0,082301
30,680000	0,081027
30,690000	0,077202
30,700000	0,075928
30,710000	0,072741
30,720000	0,072741
30,730000	0,070829
30,740000	0,065730
30,750000	0,068917
30,760000	0,063180
30,770000	0,066367
30,780000	0,061906
30,790000	0,063180
30,800000	0,058081
30,810000	0,060631
30,820000	0,056169
30,830000	0,058719
30,840000	0,056169
30,850000	0,056169
30,860000	0,054257
30,870000	0,054895
30,880000	0,052982
30,890000	0,052345
30,900000	0,052982
30,910000	0,053620
30,920000	0,053620
30,930000	0,051708
30,940000	0,053620
30,950000	0,052345
30,960000	0,052345
30,970000	0,050433
30,980000	0,049796
30,990000	0,050433
31,000000	0,049158
31,010000	0,049158
31,020000	0,049796
31,030000	0,049796
31,040000	0,047246
31,050000	0,051070
31,060000	0,050433
31,070000	0,049158
31,080000	0,049158
31,090000	0,048521
31,100000	0,045971
31,110000	0,051070
31,120000	0,049158
31,130000	0,051070
31,140000	0,048521
31,150000	0,047884
31,160000	0,048521
31,170000	0,048521
31,180000	0,045971
31,190000	0,049158
31,200000	0,046609
31,210000	0,047884
31,220000	0,045971
31,230000	0,049158
31,240000	0,047246
31,250000	0,048521
31,260000	0,049796
31,270000	0,046609
31,280000	0,049158
31,290000	0,047246
31,300000	0,049796
31,310000	0,049796
31,320000	0,050433
31,330000	0,051070
31,340000	0,052982
31,350000	0,051708
31,360000	0,052345
31,370000	0,053620
31,380000	0,056807
31,390000	0,055532
31,400000	0,055532
31,410000	0,056807
31,420000	0,060631
31,430000	0,060631
31,440000	0,059994
31,450000	0,063180
31,460000	0,063180
31,470000	0,066367
31,480000	0,068279
31,490000	0,070829
31,500000	0,074016
31,510000	0,074653
31,520000	0,079114
31,530000	0,081664
31,540000	0,081027
31,550000	0,085488
31,560000	0,088038
31,570000	0,090587
31,580000	0,093774
31,590000	0,095049
31,600000	0,099510
31,610000	0,101422
31,620000	0,103334
31,630000	0,104609
31,640000	0,103334
31,650000	0,107796
31,660000	0,106521
31,670000	0,107796
31,680000	0,108433
31,690000	0,110983
31,700000	0,110983
31,710000	0,112895
31,720000	0,110983
31,730000	0,114807
31,740000	0,111620
31,750000	0,114170
31,760000	0,114170
31,770000	0,116719
31,780000	0,116719
31,790000	0,116719
31,800000	0,117356
31,810000	0,114170
31,820000	0,112258
31,830000	0,115444
31,840000	0,120543
31,850000	0,121181
31,860000	0,116719
31,870000	0,115444
31,880000	0,116719
31,890000	0,117994
31,900000	0,117994
31,910000	0,119269
31,920000	0,119269
31,930000	0,122455
31,940000	0,119906
31,950000	0,119269
31,960000	0,122455
31,970000	0,122455
31,980000	0,114170
31,990000	0,117994
32,000000	0,119269
32,010000	0,114170
32,020000	0,119269
32,030000	0,122455
32,040000	0,123093
32,050000	0,121818
32,060000	0,121818
32,070000	0,126280
32,080000	0,110983
32,090000	0,123093
32,100000	0,121181
32,110000	0,130104
32,120000	0,120543
32,130000	0,125005
32,140000	0,124367
32,150000	0,124367
32,160000	0,121181
32,170000	0,128192
32,180000	0,123093
32,190000	0,128192
32,200000	0,123093
32,210000	0,123093
32,220000	0,126917
32,230000	0,125642
32,240000	0,127554
32,250000	0,127554
32,260000	0,125005
32,270000	0,124367
32,280000	0,125642
32,290000	0,125642
32,300000	0,128829
32,310000	0,124367
32,320000	0,128829
32,330000	0,127554
32,340000	0,128192
32,350000	0,123730
32,360000	0,126917
32,370000	0,126917
32,380000	0,127554
32,390000	0,126280
32,400000	0,128192
32,410000	0,126917
32,420000	0,130104
32,430000	0,125642
32,440000	0,128829
32,450000	0,126917
32,460000	0,130104
32,470000	0,130104
32,480000	0,130104
32,490000	0,130104
32,500000	0,130104
32,510000	0,128192
32,520000	0,130104
32,530000	0,128829
32,540000	0,128829
32,550000	0,133291
32,560000	0,130104
32,570000	0,133291
32,580000	0,122455
32,590000	0,130104
32,600000	0,133291
32,610000	0,128829
32,620000	0,123730
32,630000	0,137115
32,640000	0,132016
32,650000	0,129466
32,660000	0,135203
32,670000	0,128192
32,680000	0,132653
32,690000	0,137115
32,700000	0,126280
32,710000	0,120543
32,720000	0,122455
32,730000	0,130104
32,740000	0,134565
32,750000	0,121181
32,760000	0,132653
32,770000	0,130104
32,780000	0,125642
32,790000	0,132016
32,800000	0,133291
32,810000	0,143488
32,820000	0,124367
32,830000	0,128829
32,840000	0,135840
32,850000	0,152412
32,860000	0,132653
32,870000	0,132653
32,880000	0,125005
32,890000	0,132653
32,900000	0,133291
32,910000	0,115444
32,920000	0,134565
32,930000	0,132653
32,940000	0,147313
32,950000	0,137752
32,960000	0,128192
32,970000	0,124367
32,980000	0,160060
32,990000	0,130741
33,000000	0,129466
33,010000	0,178544
33,020000	0,126917
33,030000	0,132016
33,040000	0,112895
33,050000	0,128829
33,060000	0,128829
33,070000	0,130741
33,080000	0,108433
33,090000	0,134565
33,100000	0,128192
33,110000	0,128192
33,120000	0,130104
33,130000	0,128192
33,140000	0,133291
33,150000	0,133291
33,160000	0,127554
33,170000	0,134565
33,180000	0,134565
33,190000	0,136477
33,200000	0,129466
33,210000	0,132016
33,220000	0,130741
33,230000	0,134565
33,240000	0,135203
33,250000	0,130741
33,260000	0,130741
33,270000	0,132016
33,280000	0,132016
33,290000	0,127554
33,300000	0,135840
33,310000	0,134565
33,320000	0,137752
33,330000	0,135203
33,340000	0,129466
33,350000	0,134565
33,360000	0,137115
33,370000	0,137752
33,380000	0,133928
33,390000	0,140302
33,400000	0,133928
33,410000	0,138390
33,420000	0,131379
33,430000	0,137752
33,440000	0,135840
33,450000	0,133291
33,460000	0,124367
33,470000	0,132016
33,480000	0,132653
33,490000	0,140302
33,500000	0,133928
33,510000	0,123730
33,520000	0,142214
33,530000	0,140939
33,540000	0,130104
33,550000	0,122455
33,560000	0,130104
33,570000	0,130104
33,580000	0,132653
33,590000	0,130741
33,600000	0,130741
33,610000	0,139027
33,620000	0,133291
33,630000	0,142851
33,640000	0,136477
33,650000	0,145401
33,660000	0,142851
33,670000	0,132653
33,680000	0,137752
33,690000	0,137752
33,700000	0,131379
33,710000	0,130741
33,720000	0,112258
33,730000	0,122455
33,740000	0,137115
33,750000	0,107159
33,760000	0,157511
33,770000	0,137752
33,780000	0,148587
33,790000	0,155598
33,800000	0,141576
33,810000	0,137752
33,820000	0,144126
33,830000	0,137752
33,840000	0,135203
33,850000	0,100148
33,860000	0,149225
33,870000	0,140302
33,880000	0,134565
33,890000	0,125005
33,900000	0,138390
33,910000	0,133291
33,920000	0,138390
33,930000	0,136477
33,940000	0,137115
33,950000	0,133928
33,960000	0,136477
33,970000	0,136477
33,980000	0,135203
33,990000	0,135840
34,000000	0,138390
34,010000	0,138390
34,020000	0,133291
34,030000	0,135203
34,040000	0,135840
34,050000	0,134565
34,060000	0,135203
34,070000	0,137115
34,080000	0,137752
34,090000	0,133928
34,100000	0,137752
34,110000	0,133291
34,120000	0,139664
34,130000	0,139664
34,140000	0,140302
34,150000	0,133291
34,160000	0,135203
34,170000	0,136477
34,180000	0,137752
34,190000	0,141576
34,200000	0,132016
34,210000	0,131379
34,220000	0,143488
34,230000	0,146038
34,240000	0,140939
34,250000	0,140302
34,260000	0,134565
34,270000	0,139664
34,280000	0,135840
34,290000	0,137752
34,300000	0,144763
34,310000	0,132653
34,320000	0,142851
34,330000	0,132653
34,340000	0,130104
34,350000	0,153049
34,360000	0,132653
34,370000	0,127554
34,380000	0,144126
34,390000	0,134565
34,400000	0,133291
34,410000	0,137752
34,420000	0,137115
34,430000	0,140939
34,440000	0,137752
34,450000	0,134565
34,460000	0,133928
34,470000	0,147950
34,480000	0,133928
34,490000	0,128192
34,500000	0,120543
34,510000	0,137752
34,520000	0,140302
34,530000	0,113532
34,540000	0,141576
34,550000	0,136477
34,560000	0,158148
34,570000	0,153049
34,580000	0,139027
34,590000	0,134565
34,600000	0,110983
34,610000	0,137752
34,620000	0,136477
34,630000	0,115444
34,640000	0,139027
34,650000	0,133291
34,660000	0,123093
34,670000	0,126280
34,680000	0,138390
34,690000	0,161335
34,700000	0,135203
34,710000	0,131379
34,720000	0,137752
34,730000	0,144763
34,740000	0,137752
34,750000	0,135203
34,760000	0,165796
34,770000	0,135203
34,780000	0,146038
34,790000	0,123730
34,800000	0,139027
34,810000	0,140939
34,820000	0,140302
34,830000	0,137115
34,840000	0,139664
34,850000	0,142214
34,860000	0,140302
34,870000	0,139664
34,880000	0,137752
34,890000	0,139664
34,900000	0,137115
34,910000	0,137752
34,920000	0,140302
34,930000	0,143488
34,940000	0,142214
34,950000	0,137752
34,960000	0,137752
34,970000	0,140302
34,980000	0,135840
34,990000	0,140939
35,000000	0,144763
35,010000	0,140302
35,020000	0,139664
35,030000	0,137115
35,040000	0,140302
35,050000	0,142214
35,060000	0,140302
35,070000	0,138390
35,080000	0,142851
35,090000	0,139027
35,100000	0,130104
35,110000	0,133291
35,120000	0,138390
35,130000	0,142851
35,140000	0,130741
35,150000	0,137752
35,160000	0,139027
35,170000	0,138390
35,180000	0,137115
35,190000	0,127554
35,200000	0,133291
35,210000	0,147950
35,220000	0,120543
35,230000	0,137752
35,240000	0,152412
35,250000	0,134565
35,260000	0,133928
35,270000	0,131379
35,280000	0,131379
35,290000	0,148587
35,300000	0,128829
35,310000	0,148587
35,320000	0,140302
35,330000	0,137752
35,340000	0,146038
35,350000	0,140302
35,360000	0,140939
35,370000	0,158785
35,380000	0,119906
35,390000	0,139027
35,400000	0,148587
35,410000	0,111620
35,420000	0,140302
35,430000	0,137752
35,440000	0,112258
35,450000	0,134565
35,460000	0,138390
35,470000	0,161335
35,480000	0,145401
35,490000	0,139027
35,500000	0,151774
35,510000	0,167071
35,520000	0,133928
35,530000	0,141576
35,540000	0,144763
35,550000	0,145401
35,560000	0,138390
35,570000	0,089950
35,580000	0,141576
35,590000	0,145401
35,600000	0,141576
35,610000	0,163247
35,620000	0,140939
35,630000	0,139027
35,640000	0,160060
35,650000	0,144126
35,660000	0,138390
35,670000	0,167708
35,680000	0,142851
35,690000	0,139664
35,700000	0,134565
35,710000	0,141576
35,720000	0,139664
35,730000	0,137752
35,740000	0,137115
35,750000	0,137115
35,760000	0,137752
35,770000	0,138390
35,780000	0,137752
35,790000	0,139027
35,800000	0,135840
35,810000	0,141576
35,820000	0,142851
35,830000	0,134565
35,840000	0,137752
35,850000	0,142851
35,860000	0,141576
35,870000	0,140302
35,880000	0,139664
35,890000	0,140939
35,900000	0,139664
35,910000	0,141576
35,920000	0,143488
35,930000	0,132653
35,940000	0,143488
35,950000	0,138390
35,960000	0,132016
35,970000	0,136477
35,980000	0,142851
35,990000	0,143488
36,000000	0,146038
36,010000	0,135203
36,020000	0,141576
36,030000	0,145401
36,040000	0,132653
36,050000	0,136477
36,060000	0,129466
36,070000	0,137752
36,080000	0,151774
36,090000	0,129466
36,100000	0,147313
36,110000	0,148587
36,120000	0,153049
36,130000	0,139664
36,140000	0,151137
36,150000	0,137115
36,160000	0,150499
36,170000	0,143488
36,180000	0,128192
36,190000	0,135203
36,200000	0,133291
36,210000	0,139664
36,220000	0,137115
36,230000	0,116719
36,240000	0,141576
36,250000	0,140939
36,260000	0,124367
36,270000	0,158148
36,280000	0,140302
36,290000	0,154324
36,300000	0,165159
36,310000	0,139027
36,320000	0,146675
36,330000	0,167708
36,340000	0,151774
36,350000	0,140302
36,360000	0,126280
36,370000	0,184917
36,380000	0,142214
36,390000	0,136477
36,400000	0,118631
36,410000	0,137752
36,420000	0,137752
36,430000	0,188741
36,440000	0,135840
36,450000	0,142851
36,460000	0,135203
36,470000	0,155598
36,480000	0,139664
36,490000	0,137752
36,500000	0,119269
36,510000	0,139027
36,520000	0,141576
36,530000	0,114807
36,540000	0,140302
36,550000	0,142214
36,560000	0,140939
36,570000	0,142214
36,580000	0,139027
36,590000	0,142851
36,600000	0,142851
36,610000	0,141576
36,620000	0,135203
36,630000	0,141576
36,640000	0,144126
36,650000	0,145401
36,660000	0,142851
36,670000	0,143488
36,680000	0,143488
36,690000	0,135840
36,700000	0,142851
36,710000	0,142851
36,720000	0,141576
36,730000	0,141576
36,740000	0,137115
36,750000	0,134565
36,760000	0,145401
36,770000	0,133928
36,780000	0,142851
36,790000	0,156873
36,800000	0,135203
36,810000	0,138390
36,820000	0,146038
36,830000	0,149225
36,840000	0,146675
36,850000	0,140302
36,860000	0,142851
36,870000	0,149862
36,880000	0,147313
36,890000	0,105884
36,900000	0,141576
36,910000	0,149862
36,920000	0,137752
36,930000	0,138390
36,940000	0,131379
36,950000	0,165159
36,960000	0,149225
36,970000	0,131379
36,980000	0,133291
36,990000	0,142851
37,000000	0,146675
37,010000	0,136477
37,020000	0,133928
37,030000	0,137115
37,040000	0,148587
37,050000	0,156236
37,060000	0,143488
37,070000	0,149862
37,080000	0,128829
37,090000	0,154961
37,100000	0,143488
37,110000	0,140939
37,120000	0,147950
37,130000	0,163884
37,140000	0,145401
37,150000	0,119906
37,160000	0,144126
37,170000	0,140302
37,180000	0,147950
37,190000	0,142851
37,200000	0,144763
37,210000	0,137752
37,220000	0,156236
37,230000	0,146675
37,240000	0,136477
37,250000	0,123093
37,260000	0,100785
37,270000	0,151774
37,280000	0,139664
37,290000	0,118631
37,300000	0,141576
37,310000	0,152412
37,320000	0,088038
37,330000	0,162609
37,340000	0,142214
37,350000	0,153049
37,360000	0,153049
37,370000	0,136477
37,380000	0,140302
37,390000	0,156873
37,400000	0,137115
37,410000	0,125642
37,420000	0,163247
37,430000	0,142851
37,440000	0,139027
37,450000	0,140302
37,460000	0,163247
37,470000	0,140939
37,480000	0,135203
37,490000	0,137752
37,500000	0,133928
37,510000	0,139664
37,520000	0,145401
37,530000	0,139664
37,540000	0,152412
37,550000	0,136477
37,560000	0,144126
37,570000	0,145401
37,580000	0,135203
37,590000	0,135203
37,600000	0,148587
37,610000	0,146038
37,620000	0,136477
37,630000	0,122455
37,640000	0,131379
37,650000	0,134565
37,660000	0,139027
37,670000	0,136477
37,680000	0,141576
37,690000	0,145401
37,700000	0,142851
37,710000	0,136477
37,720000	0,135840
37,730000	0,133928
37,740000	0,149862
37,750000	0,127554
37,760000	0,140302
37,770000	0,137752
37,780000	0,142851
37,790000	0,147313
37,800000	0,150499
37,810000	0,142214
37,820000	0,165796
37,830000	0,153686
37,840000	0,135203
37,850000	0,147313
37,860000	0,140302
37,870000	0,145401
37,880000	0,142851
37,890000	0,124367
37,900000	0,152412
37,910000	0,160060
37,920000	0,137115
37,930000	0,126280
37,940000	0,125005
37,950000	0,140302
37,960000	0,139664
37,970000	0,121181
37,980000	0,140939
37,990000	0,146038
