LabVIEW Measurement	
Writer_Version	2
Reader_Version	2
Separator	Tab
Decimal_Separator	,
Multi_Headings	No
X_Columns	One
Time_Pref	Absolute
Operator	lpdan
Date	2026/05/26
Time	10:42:37,4075012833531645837
***End_of_Header***	
	
Channels	1	
Samples	100	
Date	2026/05/26	
Time	10:42:37,4075012833531645837	
Y_Unit_Label	Volts	
X_Dimension	Time	
X0	0,0000000000000000E+0	
Delta_X	0,010000	
***End_of_Header***		
X_Value	Voltage	Comment
0,000000	0,142851
0,010000	0,160060
0,020000	0,149225
0,030000	0,139664
0,040000	0,143488
0,050000	0,147950
0,060000	0,141576
0,070000	0,147313
0,080000	0,144763
0,090000	0,147313
0,100000	0,143488
0,110000	0,144126
0,120000	0,143488
0,130000	0,147950
0,140000	0,146038
0,150000	0,139664
0,160000	0,139027
0,170000	0,151137
0,180000	0,142851
0,190000	0,142851
0,200000	0,144126
0,210000	0,142214
0,220000	0,153686
0,230000	0,143488
0,240000	0,137115
0,250000	0,151774
0,260000	0,146038
0,270000	0,133291
0,280000	0,144763
0,290000	0,147950
0,300000	0,142851
0,310000	0,146675
0,320000	0,139664
0,330000	0,154324
0,340000	0,126280
0,350000	0,137115
0,360000	0,131379
0,370000	0,141576
0,380000	0,143488
0,390000	0,132016
0,400000	0,127554
0,410000	0,142214
0,420000	0,165796
0,430000	0,122455
0,440000	0,144763
0,450000	0,146675
0,460000	0,165796
0,470000	0,142851
0,480000	0,142851
0,490000	0,155598
0,500000	0,160060
0,510000	0,142214
0,520000	0,142851
0,530000	0,130741
0,540000	0,143488
0,550000	0,180456
0,560000	0,188104
0,570000	0,144763
0,580000	0,139027
0,590000	0,183005
0,600000	0,142851
0,610000	0,141576
0,620000	0,204038
0,630000	0,144763
0,640000	0,140302
0,650000	0,150499
0,660000	0,138390
0,670000	0,146038
0,680000	0,126280
0,690000	0,147313
0,700000	0,143488
0,710000	0,138390
0,720000	0,148587
0,730000	0,144763
0,740000	0,143488
0,750000	0,146038
0,760000	0,140939
0,770000	0,146675
0,780000	0,151774
0,790000	0,143488
0,800000	0,142851
0,810000	0,144126
0,820000	0,142214
0,830000	0,140939
0,840000	0,137752
0,850000	0,144763
0,860000	0,147313
0,870000	0,146038
0,880000	0,141576
0,890000	0,145401
0,900000	0,148587
0,910000	0,140302
0,920000	0,142851
0,930000	0,147313
0,940000	0,143488
0,950000	0,149225
0,960000	0,147950
0,970000	0,145401
0,980000	0,145401
0,990000	0,150499
1,000000	0,147950
1,010000	0,146038
1,020000	0,147313
1,030000	0,149862
1,040000	0,141576
1,050000	0,134565
1,060000	0,154961
1,070000	0,140302
1,080000	0,135203
1,090000	0,139027
1,100000	0,146675
1,110000	0,148587
1,120000	0,142214
1,130000	0,148587
1,140000	0,151774
1,150000	0,149862
1,160000	0,149862
1,170000	0,149862
1,180000	0,128829
1,190000	0,156236
1,200000	0,142214
1,210000	0,163247
1,220000	0,152412
1,230000	0,156236
1,240000	0,160060
1,250000	0,149862
1,260000	0,149225
1,270000	0,176631
1,280000	0,142851
1,290000	0,144763
1,300000	0,149862
1,310000	0,137752
1,320000	0,146675
1,330000	0,125642
1,340000	0,144763
1,350000	0,144763
1,360000	0,154324
1,370000	0,142214
1,380000	0,147313
1,390000	0,127554
1,400000	0,102697
1,410000	0,142851
1,420000	0,156873
1,430000	0,130741
1,440000	0,154324
1,450000	0,158148
1,460000	0,117356
1,470000	0,149225
1,480000	0,146038
1,490000	0,082939
1,500000	0,156236
1,510000	0,146675
1,520000	0,174082
1,530000	0,150499
1,540000	0,142214
1,550000	0,183005
1,560000	0,148587
1,570000	0,145401
1,580000	0,135203
1,590000	0,147313
1,600000	0,160060
1,610000	0,156873
1,620000	0,132653
1,630000	0,151137
1,640000	0,149862
1,650000	0,142214
1,660000	0,147950
1,670000	0,145401
1,680000	0,180456
1,690000	0,144763
1,700000	0,154961
1,710000	0,143488
1,720000	0,149862
1,730000	0,151137
1,740000	0,132653
1,750000	0,144763
1,760000	0,138390
1,770000	0,150499
1,780000	0,133291
1,790000	0,151774
1,800000	0,127554
1,810000	0,143488
1,820000	0,147313
1,830000	0,140939
1,840000	0,151774
1,850000	0,136477
1,860000	0,149225
1,870000	0,138390
1,880000	0,156873
1,890000	0,150499
1,900000	0,168346
1,910000	0,153049
1,920000	0,142851
1,930000	0,164522
1,940000	0,136477
1,950000	0,137115
1,960000	0,163884
1,970000	0,142851
1,980000	0,134565
1,990000	0,147950
2,000000	0,147950
2,010000	0,131379
2,020000	0,145401
2,030000	0,142851
2,040000	0,143488
2,050000	0,142214
2,060000	0,151774
2,070000	0,149225
2,080000	0,137752
2,090000	0,139027
2,100000	0,116082
2,110000	0,149225
2,120000	0,142851
2,130000	0,143488
2,140000	0,144126
2,150000	0,149225
2,160000	0,144763
2,170000	0,147950
2,180000	0,145401
2,190000	0,172807
2,200000	0,161335
2,210000	0,137752
2,220000	0,137752
2,230000	0,171533
2,240000	0,140302
2,250000	0,143488
2,260000	0,111620
2,270000	0,139664
2,280000	0,141576
2,290000	0,127554
2,300000	0,137752
2,310000	0,140939
2,320000	0,175994
2,330000	0,133291
2,340000	0,135203
2,350000	0,185555
2,360000	0,144126
2,370000	0,147313
2,380000	0,114170
2,390000	0,144763
2,400000	0,145401
2,410000	0,134565
2,420000	0,144763
2,430000	0,142851
2,440000	0,146038
2,450000	0,139664
2,460000	0,142851
2,470000	0,141576
2,480000	0,144763
2,490000	0,140302
2,500000	0,145401
2,510000	0,147313
2,520000	0,141576
2,530000	0,146675
2,540000	0,143488
2,550000	0,145401
2,560000	0,148587
2,570000	0,132653
2,580000	0,146675
2,590000	0,138390
2,600000	0,145401
2,610000	0,142851
2,620000	0,143488
2,630000	0,142851
2,640000	0,146675
2,650000	0,141576
2,660000	0,144763
2,670000	0,145401
2,680000	0,146675
2,690000	0,141576
2,700000	0,147313
2,710000	0,145401
2,720000	0,147313
2,730000	0,153686
2,740000	0,145401
2,750000	0,151137
2,760000	0,140939
2,770000	0,149862
2,780000	0,136477
2,790000	0,130741
2,800000	0,152412
2,810000	0,133928
2,820000	0,129466
2,830000	0,149225
2,840000	0,160060
2,850000	0,140939
2,860000	0,147313
2,870000	0,158785
2,880000	0,145401
2,890000	0,154961
2,900000	0,151137
2,910000	0,145401
2,920000	0,151774
2,930000	0,137752
2,940000	0,151137
2,950000	0,146675
2,960000	0,141576
2,970000	0,149225
2,980000	0,149862
2,990000	0,127554
3,000000	0,129466
3,010000	0,142214
3,020000	0,125005
3,030000	0,133928
3,040000	0,144126
3,050000	0,149225
3,060000	0,116082
3,070000	0,146038
3,080000	0,144763
3,090000	0,143488
3,100000	0,148587
3,110000	0,143488
3,120000	0,178544
3,130000	0,152412
3,140000	0,144763
3,150000	0,167071
3,160000	0,144126
3,170000	0,147313
3,180000	0,143488
3,190000	0,166434
3,200000	0,149225
3,210000	0,142851
3,220000	0,125642
3,230000	0,148587
3,240000	0,148587
3,250000	0,161335
3,260000	0,145401
3,270000	0,146675
3,280000	0,172807
3,290000	0,143488
3,300000	0,147950
3,310000	0,162609
3,320000	0,148587
3,330000	0,144763
3,340000	0,146675
3,350000	0,146038
3,360000	0,153049
3,370000	0,147950
3,380000	0,149225
3,390000	0,144763
3,400000	0,142214
3,410000	0,135840
3,420000	0,145401
3,430000	0,146675
3,440000	0,141576
3,450000	0,147313
3,460000	0,147313
3,470000	0,138390
3,480000	0,144126
3,490000	0,145401
3,500000	0,154324
3,510000	0,149225
3,520000	0,145401
3,530000	0,144763
3,540000	0,149862
3,550000	0,147313
3,560000	0,144763
3,570000	0,144126
3,580000	0,141576
3,590000	0,149862
3,600000	0,150499
3,610000	0,154961
3,620000	0,140939
3,630000	0,135840
3,640000	0,144126
3,650000	0,151774
3,660000	0,161335
3,670000	0,143488
3,680000	0,136477
3,690000	0,165159
3,700000	0,152412
3,710000	0,140302
3,720000	0,146675
3,730000	0,146675
3,740000	0,136477
3,750000	0,137752
3,760000	0,142851
3,770000	0,137752
3,780000	0,139027
3,790000	0,127554
3,800000	0,141576
3,810000	0,128829
3,820000	0,154961
3,830000	0,137115
3,840000	0,124367
3,850000	0,156873
3,860000	0,153049
3,870000	0,142851
3,880000	0,149862
3,890000	0,154324
3,900000	0,181730
3,910000	0,151774
3,920000	0,139664
3,930000	0,143488
3,940000	0,141576
3,950000	0,147950
3,960000	0,177269
3,970000	0,156236
3,980000	0,143488
3,990000	0,148587
4,000000	0,135840
4,010000	0,146675
4,020000	0,137752
4,030000	0,167708
4,040000	0,137115
4,050000	0,148587
4,060000	0,207862
4,070000	0,145401
4,080000	0,138390
4,090000	0,138390
4,100000	0,140302
4,110000	0,147950
4,120000	0,143488
4,130000	0,131379
4,140000	0,153049
4,150000	0,146038
4,160000	0,134565
4,170000	0,144126
4,180000	0,145401
4,190000	0,147950
4,200000	0,147313
4,210000	0,138390
4,220000	0,149862
4,230000	0,148587
4,240000	0,140939
4,250000	0,140302
4,260000	0,144763
4,270000	0,141576
4,280000	0,146675
4,290000	0,144763
4,300000	0,140302
4,310000	0,149862
4,320000	0,150499
4,330000	0,138390
4,340000	0,140939
4,350000	0,151774
4,360000	0,140302
4,370000	0,142851
4,380000	0,145401
4,390000	0,147313
4,400000	0,147313
4,410000	0,140939
4,420000	0,142214
4,430000	0,147313
4,440000	0,158148
4,450000	0,153049
4,460000	0,149225
4,470000	0,137115
4,480000	0,151774
4,490000	0,148587
4,500000	0,135203
4,510000	0,145401
4,520000	0,144763
4,530000	0,140302
4,540000	0,146038
4,550000	0,146038
4,560000	0,159423
4,570000	0,153049
4,580000	0,151774
4,590000	0,155598
4,600000	0,140302
4,610000	0,154961
4,620000	0,152412
4,630000	0,139027
4,640000	0,146675
4,650000	0,147950
4,660000	0,147950
4,670000	0,138390
4,680000	0,150499
4,690000	0,167708
4,700000	0,149862
4,710000	0,147313
4,720000	0,135203
4,730000	0,147313
4,740000	0,143488
4,750000	0,153686
4,760000	0,110345
4,770000	0,145401
4,780000	0,143488
4,790000	0,122455
4,800000	0,124367
4,810000	0,145401
4,820000	0,181093
4,830000	0,140302
4,840000	0,144763
4,850000	0,150499
4,860000	0,126917
4,870000	0,147313
4,880000	0,150499
4,890000	0,134565
4,900000	0,149225
4,910000	0,147950
4,920000	0,108433
4,930000	0,144763
4,940000	0,157511
4,950000	0,144126
4,960000	0,178544
4,970000	0,142851
4,980000	0,147950
4,990000	0,174719
5,000000	0,147313
5,010000	0,149862
5,020000	0,150499
5,030000	0,147950
5,040000	0,144763
5,050000	0,142214
5,060000	0,145401
5,070000	0,146675
5,080000	0,144126
5,090000	0,143488
5,100000	0,132016
5,110000	0,140302
5,120000	0,147950
5,130000	0,140302
5,140000	0,147313
5,150000	0,146675
5,160000	0,142214
5,170000	0,147950
5,180000	0,144126
5,190000	0,141576
5,200000	0,147313
5,210000	0,146675
5,220000	0,150499
5,230000	0,142851
5,240000	0,145401
5,250000	0,158148
5,260000	0,148587
5,270000	0,142851
5,280000	0,150499
5,290000	0,144763
5,300000	0,138390
5,310000	0,147313
5,320000	0,153049
5,330000	0,158148
5,340000	0,149862
5,350000	0,141576
5,360000	0,148587
5,370000	0,140302
5,380000	0,156236
5,390000	0,149225
5,400000	0,142851
5,410000	0,144126
5,420000	0,146675
5,430000	0,133291
5,440000	0,144126
5,450000	0,153049
5,460000	0,152412
5,470000	0,137115
5,480000	0,139027
5,490000	0,138390
5,500000	0,153686
5,510000	0,136477
5,520000	0,142851
5,530000	0,137115
5,540000	0,147313
5,550000	0,146675
5,560000	0,123093
5,570000	0,158785
5,580000	0,153686
5,590000	0,155598
5,600000	0,176631
5,610000	0,151774
5,620000	0,148587
5,630000	0,175994
5,640000	0,146675
5,650000	0,143488
5,660000	0,153049
5,670000	0,167071
5,680000	0,144763
5,690000	0,141576
5,700000	0,173445
5,710000	0,149225
5,720000	0,145401
5,730000	0,142851
5,740000	0,137752
5,750000	0,139027
5,760000	0,205950
5,770000	0,142851
5,780000	0,142851
5,790000	0,174082
5,800000	0,148587
5,810000	0,145401
5,820000	0,142851
5,830000	0,139027
5,840000	0,149862
5,850000	0,152412
5,860000	0,135203
5,870000	0,146675
5,880000	0,142214
5,890000	0,153049
5,900000	0,151137
5,910000	0,143488
5,920000	0,154324
5,930000	0,151774
5,940000	0,140302
5,950000	0,149225
5,960000	0,146675
5,970000	0,145401
5,980000	0,147313
5,990000	0,156873
6,000000	0,144763
6,010000	0,145401
6,020000	0,151774
6,030000	0,153049
6,040000	0,149225
6,050000	0,146675
6,060000	0,139027
6,070000	0,139027
6,080000	0,147950
6,090000	0,146038
6,100000	0,147950
6,110000	0,146038
6,120000	0,141576
6,130000	0,156873
6,140000	0,145401
6,150000	0,152412
6,160000	0,151774
6,170000	0,143488
6,180000	0,147313
6,190000	0,157511
6,200000	0,136477
6,210000	0,146038
6,220000	0,135840
6,230000	0,142851
6,240000	0,154324
6,250000	0,140939
6,260000	0,149225
6,270000	0,160060
6,280000	0,137115
6,290000	0,146675
6,300000	0,153686
6,310000	0,153049
6,320000	0,155598
6,330000	0,161972
6,340000	0,156873
6,350000	0,154961
6,360000	0,151137
6,370000	0,130104
6,380000	0,144763
6,390000	0,138390
6,400000	0,172170
6,410000	0,144126
6,420000	0,143488
6,430000	0,168346
6,440000	0,144763
6,450000	0,142851
6,460000	0,117356
6,470000	0,147950
6,480000	0,147313
6,490000	0,149225
6,500000	0,168346
6,510000	0,142851
6,520000	0,155598
6,530000	0,171533
6,540000	0,143488
6,550000	0,145401
6,560000	0,183005
6,570000	0,146038
6,580000	0,142214
6,590000	0,151137
6,600000	0,147313
6,610000	0,142851
6,620000	0,136477
6,630000	0,165796
6,640000	0,142851
6,650000	0,142851
6,660000	0,122455
6,670000	0,146675
6,680000	0,147950
6,690000	0,174719
6,700000	0,154324
6,710000	0,142214
6,720000	0,164522
6,730000	0,143488
6,740000	0,145401
6,750000	0,147950
6,760000	0,145401
6,770000	0,147950
6,780000	0,145401
6,790000	0,147950
6,800000	0,148587
6,810000	0,140939
6,820000	0,146038
6,830000	0,149225
6,840000	0,149862
6,850000	0,144126
6,860000	0,134565
6,870000	0,146038
6,880000	0,148587
6,890000	0,147313
6,900000	0,144126
6,910000	0,148587
6,920000	0,142851
6,930000	0,151137
6,940000	0,139664
6,950000	0,154324
6,960000	0,152412
6,970000	0,142214
6,980000	0,151774
6,990000	0,144763
7,000000	0,142851
7,010000	0,150499
7,020000	0,153686
7,030000	0,151774
7,040000	0,142851
7,050000	0,141576
7,060000	0,153049
7,070000	0,146038
7,080000	0,158148
7,090000	0,144763
7,100000	0,153049
7,110000	0,168346
7,120000	0,133928
7,130000	0,131379
7,140000	0,156236
7,150000	0,148587
7,160000	0,130104
7,170000	0,140302
7,180000	0,140939
7,190000	0,147950
7,200000	0,147950
7,210000	0,132016
7,220000	0,156873
7,230000	0,130104
7,240000	0,149862
7,250000	0,165159
7,260000	0,119906
7,270000	0,140939
7,280000	0,172170
7,290000	0,120543
7,300000	0,142851
7,310000	0,155598
7,320000	0,159423
7,330000	0,153686
7,340000	0,147950
7,350000	0,167071
7,360000	0,138390
7,370000	0,147950
7,380000	0,140939
7,390000	0,178544
7,400000	0,144763
7,410000	0,145401
7,420000	0,118631
7,430000	0,147950
7,440000	0,147313
7,450000	0,142214
7,460000	0,140302
7,470000	0,146675
7,480000	0,205313
7,490000	0,149862
7,500000	0,144763
7,510000	0,142214
7,520000	0,119906
7,530000	0,149862
7,540000	0,154324
7,550000	0,112258
7,560000	0,146675
7,570000	0,142851
7,580000	0,128192
7,590000	0,152412
7,600000	0,142214
7,610000	0,142214
7,620000	0,152412
7,630000	0,147313
7,640000	0,151137
7,650000	0,147950
7,660000	0,149225
7,670000	0,144763
7,680000	0,149225
7,690000	0,144763
7,700000	0,145401
7,710000	0,148587
7,720000	0,144126
7,730000	0,142851
7,740000	0,159423
7,750000	0,146675
7,760000	0,144126
7,770000	0,153049
7,780000	0,142851
7,790000	0,148587
7,800000	0,137115
7,810000	0,142214
7,820000	0,154324
7,830000	0,145401
7,840000	0,139664
7,850000	0,155598
7,860000	0,157511
7,870000	0,155598
7,880000	0,153686
7,890000	0,140939
7,900000	0,137115
7,910000	0,155598
7,920000	0,130741
7,930000	0,154324
7,940000	0,138390
7,950000	0,138390
7,960000	0,155598
7,970000	0,132016
7,980000	0,175357
7,990000	0,146675
8,000000	0,162609
8,010000	0,145401
8,020000	0,152412
8,030000	0,165796
8,040000	0,127554
8,050000	0,156873
8,060000	0,148587
8,070000	0,153049
8,080000	0,138390
8,090000	0,142851
8,100000	0,147313
8,110000	0,166434
8,120000	0,142851
8,130000	0,137752
8,140000	0,153049
8,150000	0,163884
8,160000	0,142851
8,170000	0,145401
8,180000	0,127554
8,190000	0,141576
8,200000	0,133291
8,210000	0,124367
8,220000	0,147313
8,230000	0,141576
8,240000	0,141576
8,250000	0,136477
8,260000	0,143488
8,270000	0,149225
8,280000	0,149862
8,290000	0,159423
8,300000	0,103334
8,310000	0,132016
8,320000	0,148587
8,330000	0,139664
8,340000	0,116082
8,350000	0,163247
8,360000	0,145401
8,370000	0,123093
8,380000	0,141576
8,390000	0,155598
8,400000	0,147950
8,410000	0,149862
8,420000	0,151774
8,430000	0,163247
8,440000	0,140302
8,450000	0,140302
8,460000	0,140302
8,470000	0,175994
8,480000	0,139027
8,490000	0,142214
8,500000	0,139664
8,510000	0,144126
8,520000	0,144763
8,530000	0,147950
8,540000	0,146038
8,550000	0,149225
8,560000	0,146675
8,570000	0,140939
8,580000	0,143488
8,590000	0,143488
8,600000	0,147313
8,610000	0,147950
8,620000	0,146675
8,630000	0,145401
8,640000	0,146675
8,650000	0,148587
8,660000	0,144763
8,670000	0,147950
8,680000	0,139664
8,690000	0,146675
8,700000	0,141576
8,710000	0,144763
8,720000	0,142214
8,730000	0,136477
8,740000	0,151137
8,750000	0,149862
8,760000	0,150499
8,770000	0,153686
8,780000	0,140302
8,790000	0,144126
8,800000	0,154324
8,810000	0,144126
8,820000	0,150499
8,830000	0,132653
8,840000	0,146675
8,850000	0,155598
8,860000	0,133291
8,870000	0,154961
8,880000	0,130104
8,890000	0,128829
8,900000	0,140939
8,910000	0,132653
8,920000	0,155598
8,930000	0,150499
8,940000	0,134565
8,950000	0,147313
8,960000	0,149862
8,970000	0,148587
8,980000	0,147313
8,990000	0,124367
9,000000	0,146038
9,010000	0,149225
9,020000	0,133928
9,030000	0,147950
9,040000	0,147950
9,050000	0,174719
9,060000	0,169620
9,070000	0,147950
9,080000	0,179181
9,090000	0,120543
9,100000	0,145401
9,110000	0,137115
9,120000	0,117356
9,130000	0,148587
9,140000	0,152412
9,150000	0,130741
9,160000	0,143488
9,170000	0,147950
9,180000	0,181730
9,190000	0,139027
9,200000	0,144126
9,210000	0,210412
9,220000	0,145401
9,230000	0,145401
9,240000	0,121818
9,250000	0,145401
9,260000	0,153049
9,270000	0,147313
9,280000	0,116082
9,290000	0,147313
9,300000	0,149225
9,310000	0,142851
9,320000	0,146675
9,330000	0,141576
9,340000	0,148587
9,350000	0,153049
9,360000	0,147950
9,370000	0,150499
9,380000	0,144763
9,390000	0,150499
9,400000	0,146038
9,410000	0,147313
9,420000	0,149225
9,430000	0,147313
9,440000	0,147950
9,450000	0,147313
9,460000	0,140302
9,470000	0,147950
9,480000	0,142214
9,490000	0,146038
9,500000	0,146038
9,510000	0,142851
9,520000	0,145401
9,530000	0,139027
9,540000	0,147313
9,550000	0,148587
9,560000	0,139027
9,570000	0,159423
9,580000	0,151774
9,590000	0,144763
9,600000	0,144763
9,610000	0,141576
9,620000	0,156236
9,630000	0,152412
9,640000	0,137752
9,650000	0,149225
9,660000	0,144763
9,670000	0,145401
9,680000	0,147313
9,690000	0,126280
9,700000	0,151137
9,710000	0,150499
9,720000	0,133291
9,730000	0,159423
9,740000	0,161972
9,750000	0,157511
9,760000	0,148587
9,770000	0,139664
9,780000	0,156873
9,790000	0,139027
9,800000	0,165796
9,810000	0,144763
9,820000	0,130741
9,830000	0,154324
9,840000	0,142851
9,850000	0,144763
9,860000	0,172170
9,870000	0,135203
9,880000	0,144763
9,890000	0,148587
9,900000	0,140939
9,910000	0,145401
9,920000	0,134565
9,930000	0,141576
9,940000	0,145401
9,950000	0,171533
9,960000	0,101422
9,970000	0,142214
9,980000	0,142851
9,990000	0,173445
10,000000	0,143488
10,010000	0,151774
10,020000	0,177269
10,030000	0,147313
10,040000	0,172807
10,050000	0,086763
10,060000	0,151137
10,070000	0,147950
10,080000	0,082301
10,090000	0,147313
10,100000	0,153049
10,110000	0,131379
10,120000	0,172807
10,130000	0,144126
10,140000	0,185555
10,150000	0,142851
10,160000	0,140939
10,170000	0,145401
10,180000	0,167708
10,190000	0,150499
10,200000	0,135203
10,210000	0,140939
10,220000	0,140939
10,230000	0,144126
10,240000	0,142851
10,250000	0,140302
10,260000	0,143488
10,270000	0,146038
10,280000	0,146675
10,290000	0,146038
10,300000	0,144126
10,310000	0,146675
10,320000	0,145401
10,330000	0,147313
10,340000	0,132653
10,350000	0,149225
10,360000	0,133928
10,370000	0,142851
10,380000	0,137752
10,390000	0,150499
10,400000	0,154961
10,410000	0,147950
10,420000	0,147313
10,430000	0,159423
10,440000	0,150499
10,450000	0,140939
10,460000	0,147950
10,470000	0,148587
10,480000	0,140302
10,490000	0,144126
10,500000	0,134565
10,510000	0,160697
10,520000	0,138390
10,530000	0,153049
10,540000	0,139664
10,550000	0,139027
10,560000	0,164522
10,570000	0,137115
10,580000	0,137752
10,590000	0,152412
10,600000	0,160697
10,610000	0,137752
10,620000	0,137752
10,630000	0,145401
10,640000	0,153049
10,650000	0,142851
10,660000	0,143488
10,670000	0,155598
10,680000	0,153049
10,690000	0,146675
10,700000	0,125005
10,710000	0,132653
10,720000	0,146038
10,730000	0,146038
10,740000	0,167708
10,750000	0,143488
10,760000	0,180456
10,770000	0,179818
10,780000	0,143488
10,790000	0,154961
10,800000	0,175357
10,810000	0,145401
10,820000	0,146038
10,830000	0,143488
10,840000	0,145401
10,850000	0,147313
10,860000	0,108433
10,870000	0,138390
10,880000	0,149225
10,890000	0,188741
10,900000	0,137752
10,910000	0,144126
10,920000	0,130104
10,930000	0,136477
10,940000	0,142851
10,950000	0,146675
10,960000	0,179818
10,970000	0,147950
10,980000	0,144126
10,990000	0,133928
11,000000	0,146675
11,010000	0,144763
11,020000	0,117356
11,030000	0,142851
11,040000	0,144126
11,050000	0,144763
11,060000	0,144126
11,070000	0,145401
11,080000	0,147313
11,090000	0,142851
11,100000	0,146038
11,110000	0,147950
11,120000	0,148587
11,130000	0,152412
11,140000	0,147950
11,150000	0,145401
11,160000	0,147313
11,170000	0,144763
11,180000	0,148587
11,190000	0,147950
11,200000	0,144763
11,210000	0,155598
11,220000	0,147950
11,230000	0,142851
11,240000	0,145401
11,250000	0,142214
11,260000	0,153049
11,270000	0,143488
11,280000	0,147950
11,290000	0,148587
11,300000	0,152412
11,310000	0,147950
11,320000	0,146675
11,330000	0,153049
11,340000	0,152412
11,350000	0,139664
11,360000	0,142851
11,370000	0,144126
11,380000	0,147950
11,390000	0,160697
11,400000	0,124367
11,410000	0,163884
11,420000	0,164522
11,430000	0,133928
11,440000	0,147950
11,450000	0,165159
11,460000	0,140302
11,470000	0,147313
11,480000	0,153049
11,490000	0,145401
11,500000	0,149225
11,510000	0,140939
11,520000	0,140939
11,530000	0,150499
11,540000	0,163247
11,550000	0,158785
11,560000	0,146675
11,570000	0,175357
11,580000	0,161335
11,590000	0,147313
11,600000	0,163247
11,610000	0,135203
11,620000	0,146038
11,630000	0,147313
11,640000	0,113532
11,650000	0,147950
11,660000	0,130741
11,670000	0,125642
11,680000	0,153049
11,690000	0,144763
11,700000	0,182368
11,710000	0,153686
11,720000	0,149862
11,730000	0,184917
11,740000	0,153686
11,750000	0,146675
11,760000	0,096961
11,770000	0,144763
11,780000	0,147313
11,790000	0,172170
11,800000	0,176631
11,810000	0,153049
11,820000	0,151137
11,830000	0,175994
11,840000	0,144763
11,850000	0,147313
11,860000	0,183643
11,870000	0,147313
11,880000	0,147950
11,890000	0,188104
11,900000	0,145401
11,910000	0,148587
11,920000	0,141576
11,930000	0,148587
11,940000	0,142851
11,950000	0,130104
11,960000	0,127554
11,970000	0,129466
11,980000	0,120543
11,990000	0,111620
12,000000	0,106521
12,010000	0,109071
12,020000	0,098873
12,030000	0,097598
12,040000	0,093774
12,050000	0,095686
12,060000	0,086126
12,070000	0,082301
12,080000	0,075928
12,090000	0,075928
12,100000	0,072741
12,110000	0,078477
12,120000	0,066367
12,130000	0,070829
12,140000	0,072741
12,150000	0,074016
12,160000	0,071466
12,170000	0,070191
12,180000	0,061268
12,190000	0,065730
12,200000	0,058081
12,210000	0,052982
12,220000	0,062543
12,230000	0,062543
12,240000	0,057444
12,250000	0,059356
12,260000	0,062543
12,270000	0,059994
12,280000	0,059994
12,290000	0,058719
12,300000	0,057444
12,310000	0,051708
12,320000	0,054895
12,330000	0,061268
12,340000	0,052982
12,350000	0,058081
12,360000	0,054257
12,370000	0,049158
12,380000	0,060631
12,390000	0,051708
12,400000	0,047246
12,410000	0,062543
12,420000	0,052345
12,430000	0,048521
12,440000	0,040873
12,450000	0,050433
12,460000	0,061268
12,470000	0,044697
12,480000	0,052982
12,490000	0,051708
12,500000	0,047246
12,510000	0,049158
12,520000	0,052345
12,530000	0,055532
12,540000	0,050433
12,550000	0,054257
12,560000	0,058719
12,570000	0,056807
12,580000	0,045971
12,590000	0,045334
12,600000	0,056807
12,610000	0,054257
12,620000	0,072103
12,630000	0,054257
12,640000	0,053620
12,650000	0,049796
12,660000	0,056807
12,670000	0,060631
12,680000	0,061268
12,690000	0,052982
12,700000	0,067005
12,710000	0,067005
12,720000	0,063818
12,730000	0,073378
12,740000	0,075290
12,750000	0,075290
12,760000	0,082301
12,770000	0,087400
12,780000	0,081664
12,790000	0,096323
12,800000	0,099510
12,810000	0,103334
12,820000	0,106521
12,830000	0,111620
12,840000	0,110983
12,850000	0,112895
12,860000	0,119906
12,870000	0,116719
12,880000	0,116082
12,890000	0,124367
12,900000	0,131379
12,910000	0,123093
12,920000	0,117356
12,930000	0,119906
12,940000	0,128192
12,950000	0,121818
12,960000	0,126280
12,970000	0,121818
12,980000	0,125642
12,990000	0,116719
13,000000	0,110345
13,010000	0,107159
13,020000	0,104609
13,030000	0,103334
13,040000	0,093774
13,050000	0,083576
13,060000	0,094411
13,070000	0,079114
13,080000	0,082939
13,090000	0,074016
13,100000	0,072103
13,110000	0,067642
13,120000	0,063818
13,130000	0,071466
13,140000	0,071466
13,150000	0,058719
13,160000	0,065730
13,170000	0,068917
13,180000	0,064455
13,190000	0,061906
13,200000	0,062543
13,210000	0,061268
13,220000	0,059356
13,230000	0,058719
13,240000	0,054895
13,250000	0,057444
13,260000	0,056807
13,270000	0,052345
13,280000	0,053620
13,290000	0,061268
13,300000	0,050433
13,310000	0,050433
13,320000	0,042147
13,330000	0,049158
13,340000	0,051708
13,350000	0,056169
13,360000	0,047246
13,370000	0,052345
13,380000	0,056169
13,390000	0,037686
13,400000	0,052982
13,410000	0,045334
13,420000	0,061906
13,430000	0,050433
13,440000	0,051070
13,450000	0,063180
13,460000	0,051070
13,470000	0,050433
13,480000	0,045334
13,490000	0,051708
13,500000	0,050433
13,510000	0,026213
13,520000	0,051708
13,530000	0,051070
13,540000	0,056169
13,550000	0,049796
13,560000	0,047884
13,570000	0,049796
13,580000	0,049796
13,590000	0,049796
13,600000	0,051070
13,610000	0,058719
13,620000	0,053620
13,630000	0,054895
13,640000	0,053620
13,650000	0,057444
13,660000	0,056169
13,670000	0,058719
13,680000	0,063180
13,690000	0,063180
13,700000	0,065730
13,710000	0,065092
13,720000	0,065730
13,730000	0,075290
13,740000	0,077840
13,750000	0,077840
13,760000	0,077840
13,770000	0,086126
13,780000	0,089312
13,790000	0,091862
13,800000	0,096961
13,810000	0,102697
13,820000	0,094411
13,830000	0,109071
13,840000	0,107796
13,850000	0,109708
13,860000	0,117356
13,870000	0,112895
13,880000	0,116719
13,890000	0,111620
13,900000	0,114170
13,910000	0,125642
13,920000	0,108433
13,930000	0,119269
13,940000	0,123730
13,950000	0,123730
13,960000	0,125642
13,970000	0,131379
13,980000	0,120543
13,990000	0,132016
14,000000	0,107796
14,010000	0,110345
14,020000	0,107796
14,030000	0,093137
14,040000	0,106521
14,050000	0,085488
14,060000	0,089950
14,070000	0,090587
14,080000	0,079752
14,090000	0,084851
14,100000	0,079114
14,110000	0,070829
14,120000	0,073378
14,130000	0,074653
14,140000	0,071466
14,150000	0,063818
14,160000	0,052982
14,170000	0,054895
14,180000	0,063180
14,190000	0,063818
14,200000	0,067642
14,210000	0,055532
14,220000	0,044697
14,230000	0,044697
14,240000	0,056169
14,250000	0,049796
14,260000	0,041510
14,270000	0,048521
14,280000	0,057444
14,290000	0,050433
14,300000	0,054257
14,310000	0,056169
14,320000	0,057444
14,330000	0,053620
14,340000	0,051708
14,350000	0,070829
14,360000	0,050433
14,370000	0,042785
14,380000	0,052345
14,390000	0,053620
14,400000	0,049158
14,410000	0,040235
14,420000	0,038960
14,430000	0,045971
14,440000	0,049796
14,450000	0,036411
14,460000	0,051708
14,470000	0,055532
14,480000	0,046609
14,490000	0,053620
14,500000	0,047246
14,510000	0,056169
14,520000	0,048521
14,530000	0,044697
14,540000	0,049796
14,550000	0,044059
14,560000	0,049796
14,570000	0,047246
14,580000	0,054257
14,590000	0,052345
14,600000	0,051708
14,610000	0,054895
14,620000	0,049158
14,630000	0,055532
14,640000	0,056169
14,650000	0,052982
14,660000	0,054257
14,670000	0,058719
14,680000	0,059356
14,690000	0,054257
14,700000	0,058719
14,710000	0,058719
14,720000	0,067642
14,730000	0,068917
14,740000	0,069554
14,750000	0,079752
14,760000	0,081027
14,770000	0,062543
14,780000	0,080389
14,790000	0,093774
14,800000	0,086763
14,810000	0,096323
14,820000	0,096961
14,830000	0,107796
14,840000	0,093137
14,850000	0,107796
14,860000	0,087400
14,870000	0,110345
14,880000	0,117356
14,890000	0,112258
14,900000	0,119269
14,910000	0,117994
14,920000	0,122455
14,930000	0,117356
14,940000	0,114170
14,950000	0,106521
14,960000	0,112258
14,970000	0,131379
14,980000	0,125642
14,990000	0,119906
15,000000	0,117356
15,010000	0,137115
15,020000	0,104609
15,030000	0,102060
15,040000	0,112258
15,050000	0,094411
15,060000	0,084213
15,070000	0,081027
15,080000	0,076565
15,090000	0,079114
15,100000	0,059994
15,110000	0,089950
15,120000	0,071466
15,130000	0,070829
15,140000	0,083576
15,150000	0,067642
15,160000	0,065092
15,170000	0,080389
15,180000	0,065730
15,190000	0,061268
15,200000	0,040873
15,210000	0,059994
15,220000	0,057444
15,230000	0,056807
15,240000	0,051708
15,250000	0,056807
15,260000	0,056169
15,270000	0,059356
15,280000	0,051070
15,290000	0,052982
15,300000	0,066367
15,310000	0,050433
15,320000	0,052345
15,330000	0,063180
15,340000	0,049796
15,350000	0,050433
15,360000	0,051070
15,370000	0,050433
15,380000	0,050433
15,390000	0,050433
15,400000	0,051708
15,410000	0,050433
15,420000	0,049796
15,430000	0,054257
15,440000	0,047884
15,450000	0,051070
15,460000	0,049796
15,470000	0,048521
15,480000	0,047884
15,490000	0,050433
15,500000	0,047884
15,510000	0,049158
15,520000	0,047884
15,530000	0,046609
15,540000	0,043422
15,550000	0,050433
15,560000	0,054257
15,570000	0,044059
15,580000	0,045971
15,590000	0,051708
15,600000	0,049796
15,610000	0,050433
15,620000	0,050433
15,630000	0,047884
15,640000	0,052982
15,650000	0,050433
15,660000	0,056807
15,670000	0,054895
15,680000	0,052982
15,690000	0,065092
15,700000	0,054895
15,710000	0,063180
15,720000	0,074016
15,730000	0,065092
15,740000	0,061268
15,750000	0,072103
15,760000	0,067642
15,770000	0,075290
15,780000	0,086126
15,790000	0,076565
15,800000	0,074016
15,810000	0,075928
15,820000	0,093137
15,830000	0,104609
15,840000	0,099510
15,850000	0,104609
15,860000	0,106521
15,870000	0,087400
15,880000	0,107796
15,890000	0,114807
15,900000	0,112895
15,910000	0,141576
15,920000	0,117994
15,930000	0,136477
15,940000	0,146038
15,950000	0,117994
15,960000	0,133928
15,970000	0,102697
15,980000	0,116082
15,990000	0,121818
16,000000	0,089312
16,010000	0,117356
16,020000	0,118631
16,030000	0,163247
16,040000	0,124367
16,050000	0,105246
16,060000	0,098873
16,070000	0,137115
16,080000	0,088675
16,090000	0,087400
16,100000	0,119906
16,110000	0,079114
16,120000	0,076565
16,130000	0,059994
16,140000	0,072741
16,150000	0,072103
16,160000	0,066367
16,170000	0,060631
16,180000	0,065092
16,190000	0,062543
16,200000	0,059994
16,210000	0,058081
16,220000	0,060631
16,230000	0,060631
16,240000	0,057444
16,250000	0,054257
16,260000	0,056169
16,270000	0,056169
16,280000	0,051708
16,290000	0,052345
16,300000	0,053620
16,310000	0,054895
16,320000	0,052982
16,330000	0,052345
16,340000	0,051708
16,350000	0,053620
16,360000	0,046609
16,370000	0,050433
16,380000	0,045971
16,390000	0,054257
16,400000	0,050433
16,410000	0,052345
16,420000	0,048521
16,430000	0,049158
16,440000	0,052345
16,450000	0,049796
16,460000	0,044059
16,470000	0,047246
16,480000	0,051708
16,490000	0,051070
16,500000	0,045971
16,510000	0,047884
16,520000	0,041510
16,530000	0,044059
16,540000	0,044697
16,550000	0,040873
16,560000	0,042785
16,570000	0,052345
16,580000	0,047246
16,590000	0,042147
16,600000	0,050433
16,610000	0,044059
16,620000	0,051708
16,630000	0,051070
16,640000	0,049796
16,650000	0,053620
16,660000	0,057444
16,670000	0,054895
16,680000	0,056807
16,690000	0,059994
16,700000	0,066367
16,710000	0,060631
16,720000	0,064455
16,730000	0,071466
16,740000	0,069554
16,750000	0,067642
16,760000	0,058081
16,770000	0,067642
16,780000	0,077202
16,790000	0,058719
16,800000	0,072741
16,810000	0,084213
16,820000	0,096961
16,830000	0,098873
16,840000	0,094411
16,850000	0,099510
16,860000	0,131379
16,870000	0,112258
16,880000	0,103972
16,890000	0,133291
16,900000	0,117356
16,910000	0,112895
16,920000	0,075290
16,930000	0,132016
16,940000	0,116082
16,950000	0,119906
16,960000	0,091862
16,970000	0,121181
16,980000	0,116082
16,990000	0,140939
17,000000	0,112258
17,010000	0,119906
17,020000	0,147950
17,030000	0,117994
17,040000	0,107796
17,050000	0,111620
17,060000	0,104609
17,070000	0,099510
17,080000	0,091862
17,090000	0,086763
17,100000	0,086763
17,110000	0,082939
17,120000	0,079114
17,130000	0,074653
17,140000	0,068917
17,150000	0,073378
17,160000	0,067642
17,170000	0,067005
17,180000	0,063818
17,190000	0,062543
17,200000	0,063180
17,210000	0,056169
17,220000	0,062543
17,230000	0,060631
17,240000	0,056169
17,250000	0,059356
17,260000	0,057444
17,270000	0,053620
17,280000	0,056169
17,290000	0,052982
17,300000	0,051070
17,310000	0,054895
17,320000	0,049796
17,330000	0,054895
17,340000	0,049158
17,350000	0,046609
17,360000	0,052345
17,370000	0,047884
17,380000	0,049796
17,390000	0,051708
17,400000	0,048521
17,410000	0,056807
17,420000	0,047246
17,430000	0,052345
17,440000	0,058719
17,450000	0,047884
17,460000	0,045971
17,470000	0,048521
17,480000	0,054895
17,490000	0,051708
17,500000	0,044059
17,510000	0,051070
17,520000	0,050433
17,530000	0,047884
17,540000	0,045334
17,550000	0,046609
17,560000	0,046609
17,570000	0,047884
17,580000	0,038960
17,590000	0,051070
17,600000	0,048521
17,610000	0,052345
17,620000	0,048521
17,630000	0,049796
17,640000	0,054257
17,650000	0,064455
17,660000	0,051708
17,670000	0,063818
17,680000	0,065730
17,690000	0,058719
17,700000	0,056169
17,710000	0,044697
17,720000	0,060631
17,730000	0,063818
17,740000	0,056807
17,750000	0,068917
17,760000	0,072103
17,770000	0,103334
17,780000	0,072741
17,790000	0,079114
17,800000	0,079114
17,810000	0,103334
17,820000	0,088675
17,830000	0,093137
17,840000	0,101422
17,850000	0,100148
17,860000	0,100148
17,870000	0,082301
17,880000	0,105884
17,890000	0,109071
17,900000	0,099510
17,910000	0,111620
17,920000	0,114170
17,930000	0,117994
17,940000	0,111620
17,950000	0,109071
17,960000	0,120543
17,970000	0,119269
17,980000	0,117356
17,990000	0,117356
18,000000	0,119906
18,010000	0,122455
18,020000	0,121181
18,030000	0,117994
18,040000	0,116082
18,050000	0,105884
18,060000	0,114170
18,070000	0,103334
18,080000	0,100148
18,090000	0,090587
18,100000	0,085488
18,110000	0,088675
18,120000	0,077840
18,130000	0,082301
18,140000	0,079114
18,150000	0,070191
18,160000	0,071466
18,170000	0,071466
18,180000	0,068917
18,190000	0,063818
18,200000	0,059356
18,210000	0,065730
18,220000	0,058719
18,230000	0,056169
18,240000	0,058719
18,250000	0,051070
18,260000	0,055532
18,270000	0,058719
18,280000	0,049796
18,290000	0,052982
18,300000	0,056169
18,310000	0,053620
18,320000	0,047884
18,330000	0,054895
18,340000	0,056169
18,350000	0,058081
18,360000	0,051070
18,370000	0,052345
18,380000	0,051070
18,390000	0,047884
18,400000	0,047884
18,410000	0,051070
18,420000	0,054895
18,430000	0,049796
18,440000	0,049796
18,450000	0,052982
18,460000	0,050433
18,470000	0,047884
18,480000	0,047884
18,490000	0,037048
18,500000	0,052982
18,510000	0,056169
18,520000	0,056169
18,530000	0,047884
18,540000	0,044059
18,550000	0,058719
18,560000	0,054895
18,570000	0,048521
18,580000	0,058719
18,590000	0,047884
18,600000	0,048521
18,610000	0,038960
18,620000	0,048521
18,630000	0,050433
18,640000	0,029400
18,650000	0,052982
18,660000	0,052982
18,670000	0,030675
18,680000	0,053620
18,690000	0,054257
18,700000	0,061268
18,710000	0,056807
18,720000	0,056169
18,730000	0,072741
18,740000	0,061268
18,750000	0,063818
18,760000	0,067005
18,770000	0,068917
18,780000	0,072741
18,790000	0,071466
18,800000	0,075928
18,810000	0,081027
18,820000	0,082301
18,830000	0,086763
18,840000	0,085488
18,850000	0,091224
18,860000	0,098873
18,870000	0,099510
18,880000	0,102697
18,890000	0,102697
18,900000	0,105884
18,910000	0,107796
18,920000	0,121181
18,930000	0,108433
18,940000	0,110983
18,950000	0,114807
18,960000	0,107159
18,970000	0,111620
18,980000	0,107159
18,990000	0,117356
19,000000	0,105246
19,010000	0,122455
19,020000	0,116719
19,030000	0,119269
19,040000	0,116082
19,050000	0,118631
19,060000	0,117356
19,070000	0,107796
19,080000	0,117356
19,090000	0,103972
19,100000	0,099510
19,110000	0,100785
19,120000	0,080389
19,130000	0,085488
19,140000	0,082939
19,150000	0,082939
19,160000	0,080389
19,170000	0,074653
19,180000	0,070829
19,190000	0,070191
19,200000	0,059356
19,210000	0,067005
19,220000	0,065730
19,230000	0,061268
19,240000	0,058081
19,250000	0,061906
19,260000	0,056169
19,270000	0,054257
19,280000	0,044697
19,290000	0,052345
19,300000	0,058719
19,310000	0,045971
19,320000	0,053620
19,330000	0,052982
19,340000	0,062543
19,350000	0,055532
19,360000	0,051070
19,370000	0,040235
19,380000	0,051708
19,390000	0,049796
19,400000	0,048521
19,410000	0,037048
19,420000	0,047246
19,430000	0,048521
19,440000	0,054257
19,450000	0,047884
19,460000	0,048521
19,470000	0,052982
19,480000	0,048521
19,490000	0,049158
19,500000	0,074653
19,510000	0,045971
19,520000	0,047884
19,530000	0,059356
19,540000	0,045971
19,550000	0,047884
19,560000	0,042785
19,570000	0,047246
19,580000	0,048521
19,590000	0,047884
19,600000	0,047246
19,610000	0,049158
19,620000	0,048521
19,630000	0,049796
19,640000	0,050433
19,650000	0,049796
19,660000	0,050433
19,670000	0,050433
19,680000	0,054895
19,690000	0,051070
19,700000	0,056169
19,710000	0,054257
19,720000	0,058081
19,730000	0,057444
19,740000	0,061268
19,750000	0,061906
19,760000	0,060631
19,770000	0,065730
19,780000	0,066367
19,790000	0,072741
19,800000	0,068917
19,810000	0,075290
19,820000	0,074653
19,830000	0,083576
19,840000	0,091862
19,850000	0,086126
19,860000	0,096961
19,870000	0,095686
19,880000	0,103334
19,890000	0,102060
19,900000	0,106521
19,910000	0,111620
19,920000	0,110983
19,930000	0,106521
19,940000	0,112258
19,950000	0,109708
19,960000	0,110345
19,970000	0,116082
19,980000	0,098235
19,990000	0,122455
20,000000	0,112258
20,010000	0,109708
20,020000	0,117356
20,030000	0,114170
20,040000	0,119269
20,050000	0,109708
20,060000	0,110345
20,070000	0,119906
20,080000	0,112895
20,090000	0,104609
20,100000	0,100785
20,110000	0,094411
20,120000	0,100148
20,130000	0,089950
20,140000	0,082939
20,150000	0,098235
20,160000	0,078477
20,170000	0,074016
20,180000	0,068279
20,190000	0,068917
20,200000	0,068917
20,210000	0,056169
20,220000	0,050433
20,230000	0,063818
20,240000	0,063818
20,250000	0,067005
20,260000	0,058719
20,270000	0,058081
20,280000	0,069554
20,290000	0,059356
20,300000	0,055532
20,310000	0,063180
20,320000	0,049796
20,330000	0,052982
20,340000	0,035136
20,350000	0,056169
20,360000	0,054257
20,370000	0,052982
20,380000	0,056169
20,390000	0,052345
20,400000	0,050433
20,410000	0,061906
20,420000	0,051070
20,430000	0,047884
20,440000	0,061268
20,450000	0,048521
20,460000	0,051070
20,470000	0,052982
20,480000	0,052345
20,490000	0,052345
20,500000	0,047246
20,510000	0,049796
20,520000	0,045971
20,530000	0,048521
20,540000	0,049158
20,550000	0,045971
20,560000	0,047246
20,570000	0,045971
20,580000	0,046609
20,590000	0,047884
20,600000	0,047246
20,610000	0,050433
20,620000	0,045334
20,630000	0,051070
20,640000	0,050433
20,650000	0,050433
20,660000	0,047884
20,670000	0,045971
20,680000	0,050433
20,690000	0,049158
20,700000	0,052345
20,710000	0,049158
20,720000	0,055532
20,730000	0,056169
20,740000	0,059356
20,750000	0,059356
20,760000	0,059356
20,770000	0,065092
20,780000	0,067642
20,790000	0,065730
20,800000	0,073378
20,810000	0,071466
20,820000	0,076565
20,830000	0,082301
20,840000	0,077840
20,850000	0,091224
20,860000	0,091862
20,870000	0,086126
20,880000	0,091862
20,890000	0,100785
20,900000	0,096323
20,910000	0,106521
20,920000	0,103334
20,930000	0,107796
20,940000	0,096961
20,950000	0,108433
20,960000	0,113532
20,970000	0,109708
20,980000	0,114807
20,990000	0,111620
21,000000	0,102697
21,010000	0,112258
21,020000	0,111620
21,030000	0,127554
21,040000	0,114170
21,050000	0,116719
21,060000	0,125642
21,070000	0,116719
21,080000	0,108433
21,090000	0,126917
21,100000	0,088675
21,110000	0,101422
21,120000	0,121818
21,130000	0,111620
21,140000	0,089312
21,150000	0,084851
21,160000	0,068279
21,170000	0,075928
21,180000	0,076565
21,190000	0,097598
21,200000	0,067005
21,210000	0,068279
21,220000	0,086126
21,230000	0,065092
21,240000	0,064455
21,250000	0,058719
21,260000	0,059994
21,270000	0,061906
21,280000	0,050433
21,290000	0,056807
21,300000	0,056169
21,310000	0,055532
21,320000	0,047884
21,330000	0,054257
21,340000	0,051708
21,350000	0,057444
21,360000	0,052345
21,370000	0,052982
21,380000	0,051708
21,390000	0,054257
21,400000	0,051070
21,410000	0,049796
21,420000	0,051070
21,430000	0,052345
21,440000	0,049796
21,450000	0,051708
21,460000	0,048521
21,470000	0,049796
21,480000	0,050433
21,490000	0,049796
21,500000	0,049158
21,510000	0,048521
21,520000	0,049158
21,530000	0,049796
21,540000	0,045971
21,550000	0,049796
21,560000	0,049158
21,570000	0,049158
21,580000	0,048521
21,590000	0,048521
21,600000	0,051070
21,610000	0,047884
21,620000	0,047884
21,630000	0,048521
21,640000	0,047246
21,650000	0,046609
21,660000	0,050433
21,670000	0,049158
21,680000	0,052982
21,690000	0,051070
21,700000	0,050433
21,710000	0,056169
21,720000	0,052982
21,730000	0,056807
21,740000	0,056807
21,750000	0,056169
21,760000	0,062543
21,770000	0,061268
21,780000	0,065730
21,790000	0,065730
21,800000	0,066367
21,810000	0,069554
21,820000	0,070191
21,830000	0,077202
21,840000	0,084213
21,850000	0,084213
21,860000	0,083576
21,870000	0,086763
21,880000	0,091224
21,890000	0,093137
21,900000	0,103334
21,910000	0,110983
21,920000	0,101422
21,930000	0,119906
21,940000	0,098873
21,950000	0,106521
21,960000	0,106521
21,970000	0,123093
21,980000	0,110983
21,990000	0,111620
22,000000	0,104609
22,010000	0,115444
22,020000	0,116082
22,030000	0,091862
22,040000	0,113532
22,050000	0,119906
22,060000	0,123730
22,070000	0,121181
22,080000	0,117994
22,090000	0,124367
22,100000	0,115444
22,110000	0,104609
22,120000	0,103334
22,130000	0,098873
22,140000	0,093137
22,150000	0,088675
22,160000	0,085488
22,170000	0,081664
22,180000	0,079114
22,190000	0,074653
22,200000	0,072741
22,210000	0,072103
22,220000	0,065092
22,230000	0,066367
22,240000	0,068279
22,250000	0,059994
22,260000	0,061268
22,270000	0,061906
22,280000	0,058719
22,290000	0,058719
22,300000	0,058719
22,310000	0,058081
22,320000	0,056169
22,330000	0,054895
22,340000	0,054257
22,350000	0,054257
22,360000	0,053620
22,370000	0,052982
22,380000	0,051708
22,390000	0,049158
22,400000	0,051070
22,410000	0,050433
22,420000	0,049796
22,430000	0,048521
22,440000	0,049796
22,450000	0,049796
22,460000	0,049796
22,470000	0,051708
22,480000	0,050433
22,490000	0,049796
22,500000	0,050433
22,510000	0,049796
22,520000	0,049796
22,530000	0,048521
22,540000	0,049158
22,550000	0,045334
22,560000	0,039598
22,570000	0,048521
22,580000	0,046609
22,590000	0,047246
22,600000	0,047246
22,610000	0,047246
22,620000	0,044697
22,630000	0,047884
22,640000	0,049158
22,650000	0,044697
22,660000	0,048521
22,670000	0,049158
22,680000	0,050433
22,690000	0,049158
22,700000	0,049796
22,710000	0,051070
22,720000	0,052345
22,730000	0,051708
22,740000	0,056169
22,750000	0,058081
22,760000	0,056807
22,770000	0,057444
22,780000	0,061268
22,790000	0,061906
22,800000	0,064455
22,810000	0,067005
22,820000	0,068917
22,830000	0,072103
22,840000	0,075290
22,850000	0,077202
22,860000	0,082301
22,870000	0,084213
22,880000	0,089312
22,890000	0,090587
22,900000	0,101422
22,910000	0,096961
22,920000	0,098873
22,930000	0,100785
22,940000	0,107159
22,950000	0,105246
22,960000	0,105884
22,970000	0,108433
22,980000	0,105884
22,990000	0,110983
23,000000	0,111620
23,010000	0,112258
23,020000	0,114807
23,030000	0,116082
23,040000	0,115444
23,050000	0,117356
23,060000	0,114170
23,070000	0,117356
23,080000	0,114170
23,090000	0,114170
23,100000	0,114170
23,110000	0,114807
23,120000	0,107159
23,130000	0,104609
23,140000	0,098873
23,150000	0,095686
23,160000	0,089950
23,170000	0,087400
23,180000	0,081027
23,190000	0,081027
23,200000	0,077840
23,210000	0,074653
23,220000	0,071466
23,230000	0,069554
23,240000	0,067005
23,250000	0,067005
23,260000	0,065730
23,270000	0,063818
23,280000	0,058719
23,290000	0,058719
23,300000	0,059356
23,310000	0,056807
23,320000	0,056807
23,330000	0,056807
23,340000	0,056807
23,350000	0,054895
23,360000	0,053620
23,370000	0,053620
23,380000	0,053620
23,390000	0,053620
23,400000	0,051070
23,410000	0,051708
23,420000	0,051708
23,430000	0,052345
23,440000	0,051070
23,450000	0,050433
23,460000	0,049158
23,470000	0,050433
23,480000	0,048521
23,490000	0,051070
23,500000	0,049158
23,510000	0,051070
23,520000	0,047246
23,530000	0,051070
23,540000	0,050433
23,550000	0,048521
23,560000	0,045334
23,570000	0,048521
23,580000	0,047246
23,590000	0,047884
23,600000	0,046609
23,610000	0,045971
23,620000	0,045971
23,630000	0,047246
23,640000	0,045971
23,650000	0,048521
23,660000	0,048521
23,670000	0,047884
23,680000	0,049158
23,690000	0,049796
23,700000	0,051708
23,710000	0,051708
23,720000	0,051070
23,730000	0,050433
23,740000	0,054895
23,750000	0,055532
23,760000	0,054895
23,770000	0,059356
23,780000	0,059356
23,790000	0,059356
23,800000	0,063818
23,810000	0,065730
23,820000	0,065092
23,830000	0,068917
23,840000	0,071466
23,850000	0,076565
23,860000	0,077840
23,870000	0,081027
23,880000	0,083576
23,890000	0,089312
23,900000	0,091862
23,910000	0,095049
23,920000	0,098873
23,930000	0,098235
23,940000	0,102060
23,950000	0,103972
23,960000	0,108433
23,970000	0,110983
23,980000	0,109708
23,990000	0,109708
24,000000	0,110345
24,010000	0,112258
24,020000	0,112895
24,030000	0,111620
24,040000	0,116719
24,050000	0,114807
24,060000	0,116082
24,070000	0,115444
24,080000	0,113532
24,090000	0,116719
24,100000	0,116719
24,110000	0,115444
24,120000	0,112258
24,130000	0,109708
24,140000	0,105246
24,150000	0,100148
24,160000	0,095049
24,170000	0,090587
24,180000	0,084213
24,190000	0,082301
24,200000	0,079752
24,210000	0,076565
24,220000	0,075290
24,230000	0,070829
24,240000	0,068917
24,250000	0,066367
24,260000	0,063818
24,270000	0,063818
24,280000	0,061268
24,290000	0,062543
24,300000	0,059994
24,310000	0,059994
24,320000	0,056807
24,330000	0,056807
24,340000	0,055532
24,350000	0,054895
24,360000	0,052345
24,370000	0,052345
24,380000	0,054257
24,390000	0,054257
24,400000	0,052982
24,410000	0,052345
24,420000	0,050433
24,430000	0,050433
24,440000	0,050433
24,450000	0,051708
24,460000	0,050433
24,470000	0,049796
24,480000	0,049158
24,490000	0,049158
24,500000	0,049796
24,510000	0,049158
24,520000	0,048521
24,530000	0,051070
24,540000	0,049796
24,550000	0,050433
24,560000	0,048521
24,570000	0,048521
24,580000	0,046609
24,590000	0,046609
24,600000	0,047246
24,610000	0,046609
24,620000	0,045334
24,630000	0,047884
24,640000	0,046609
24,650000	0,047884
24,660000	0,045971
24,670000	0,047884
24,680000	0,047884
24,690000	0,051708
24,700000	0,051070
24,710000	0,052345
24,720000	0,049796
24,730000	0,052982
24,740000	0,050433
24,750000	0,054895
24,760000	0,053620
24,770000	0,056807
24,780000	0,056807
24,790000	0,058719
24,800000	0,059994
24,810000	0,063818
24,820000	0,065092
24,830000	0,067005
24,840000	0,070191
24,850000	0,071466
24,860000	0,075928
24,870000	0,077202
24,880000	0,077840
24,890000	0,084213
24,900000	0,088675
24,910000	0,091862
24,920000	0,093137
24,930000	0,098873
24,940000	0,101422
24,950000	0,102697
24,960000	0,102060
24,970000	0,104609
24,980000	0,102697
24,990000	0,109071
25,000000	0,108433
25,010000	0,114170
25,020000	0,112258
25,030000	0,112258
25,040000	0,112258
25,050000	0,110983
25,060000	0,113532
25,070000	0,112258
25,080000	0,114170
25,090000	0,115444
25,100000	0,115444
25,110000	0,116719
25,120000	0,108433
25,130000	0,112258
25,140000	0,107159
25,150000	0,103972
25,160000	0,096961
25,170000	0,093137
25,180000	0,086763
25,190000	0,088675
25,200000	0,080389
25,210000	0,078477
25,220000	0,075928
25,230000	0,073378
25,240000	0,070829
25,250000	0,067642
25,260000	0,068279
25,270000	0,064455
25,280000	0,065092
25,290000	0,061268
25,300000	0,057444
25,310000	0,060631
25,320000	0,056807
25,330000	0,056807
25,340000	0,055532
25,350000	0,055532
25,360000	0,054895
25,370000	0,054257
25,380000	0,052982
25,390000	0,052982
25,400000	0,052982
25,410000	0,051708
25,420000	0,050433
25,430000	0,052345
25,440000	0,050433
25,450000	0,051070
25,460000	0,049158
25,470000	0,052982
25,480000	0,048521
25,490000	0,051070
25,500000	0,048521
25,510000	0,050433
25,520000	0,051070
25,530000	0,048521
25,540000	0,048521
25,550000	0,049796
25,560000	0,049796
25,570000	0,047246
25,580000	0,048521
25,590000	0,048521
25,600000	0,047246
25,610000	0,045971
25,620000	0,045334
25,630000	0,047884
25,640000	0,046609
25,650000	0,047884
25,660000	0,047246
25,670000	0,047884
25,680000	0,048521
25,690000	0,049158
25,700000	0,048521
25,710000	0,050433
25,720000	0,051070
25,730000	0,054257
25,740000	0,052345
25,750000	0,055532
25,760000	0,053620
25,770000	0,056169
25,780000	0,057444
25,790000	0,058719
25,800000	0,060631
25,810000	0,062543
25,820000	0,063180
25,830000	0,065092
25,840000	0,068917
25,850000	0,072741
25,860000	0,072103
25,870000	0,076565
25,880000	0,080389
25,890000	0,081664
25,900000	0,086763
25,910000	0,089950
25,920000	0,091224
25,930000	0,099510
25,940000	0,095686
25,950000	0,102060
25,960000	0,102060
25,970000	0,107159
25,980000	0,107796
25,990000	0,107796
26,000000	0,107796
26,010000	0,111620
26,020000	0,109708
26,030000	0,112258
26,040000	0,113532
26,050000	0,115444
26,060000	0,112258
26,070000	0,113532
26,080000	0,114170
26,090000	0,117994
26,100000	0,114170
26,110000	0,115444
26,120000	0,116719
26,130000	0,110345
26,140000	0,112258
26,150000	0,109708
26,160000	0,100785
26,170000	0,096961
26,180000	0,094411
26,190000	0,086763
26,200000	0,082939
26,210000	0,081027
26,220000	0,077840
26,230000	0,074016
26,240000	0,073378
26,250000	0,071466
26,260000	0,068917
26,270000	0,066367
26,280000	0,066367
26,290000	0,063180
26,300000	0,062543
26,310000	0,061906
26,320000	0,059994
26,330000	0,058719
26,340000	0,058081
26,350000	0,057444
26,360000	0,054257
26,370000	0,053620
26,380000	0,054257
26,390000	0,053620
26,400000	0,052982
26,410000	0,052345
26,420000	0,052345
26,430000	0,051708
26,440000	0,051070
26,450000	0,051070
26,460000	0,049796
26,470000	0,049796
26,480000	0,050433
26,490000	0,050433
26,500000	0,049158
26,510000	0,051070
26,520000	0,049158
26,530000	0,049158
26,540000	0,047884
26,550000	0,049796
26,560000	0,047884
26,570000	0,047884
26,580000	0,047884
26,590000	0,045334
26,600000	0,047884
26,610000	0,047246
26,620000	0,047884
26,630000	0,047246
26,640000	0,048521
26,650000	0,048521
26,660000	0,048521
26,670000	0,047884
26,680000	0,046609
26,690000	0,047884
26,700000	0,049796
26,710000	0,050433
26,720000	0,048521
26,730000	0,049158
26,740000	0,050433
26,750000	0,051708
26,760000	0,053620
26,770000	0,053620
26,780000	0,056169
26,790000	0,056807
26,800000	0,057444
26,810000	0,061268
26,820000	0,063180
26,830000	0,064455
26,840000	0,065092
26,850000	0,067642
26,860000	0,070191
26,870000	0,075290
26,880000	0,075290
26,890000	0,077202
26,900000	0,081027
26,910000	0,086763
26,920000	0,089312
26,930000	0,093774
26,940000	0,097598
26,950000	0,099510
26,960000	0,100148
26,970000	0,102697
26,980000	0,102697
26,990000	0,104609
27,000000	0,105246
27,010000	0,108433
27,020000	0,107159
27,030000	0,109708
27,040000	0,110345
27,050000	0,111620
27,060000	0,110983
27,070000	0,114807
27,080000	0,114807
27,090000	0,114170
27,100000	0,112895
27,110000	0,113532
27,120000	0,112895
27,130000	0,117994
27,140000	0,110983
27,150000	0,109071
27,160000	0,103972
27,170000	0,099510
27,180000	0,094411
27,190000	0,093774
27,200000	0,088038
27,210000	0,086763
27,220000	0,078477
27,230000	0,080389
27,240000	0,072103
27,250000	0,073378
27,260000	0,068279
27,270000	0,066367
27,280000	0,065730
27,290000	0,063180
27,300000	0,061268
27,310000	0,061268
27,320000	0,061268
27,330000	0,059356
27,340000	0,055532
27,350000	0,057444
27,360000	0,054895
27,370000	0,053620
27,380000	0,054895
27,390000	0,054257
27,400000	0,053620
27,410000	0,051070
27,420000	0,052982
27,430000	0,053620
27,440000	0,047246
27,450000	0,052982
27,460000	0,049796
27,470000	0,051070
27,480000	0,049796
27,490000	0,049796
27,500000	0,047884
27,510000	0,049796
27,520000	0,049158
27,530000	0,048521
27,540000	0,049158
27,550000	0,049158
27,560000	0,048521
27,570000	0,048521
27,580000	0,049158
27,590000	0,049796
27,600000	0,049796
27,610000	0,047246
27,620000	0,045334
27,630000	0,048521
27,640000	0,047246
27,650000	0,045334
27,660000	0,048521
27,670000	0,047246
27,680000	0,048521
27,690000	0,049158
27,700000	0,048521
27,710000	0,050433
27,720000	0,049796
27,730000	0,049796
27,740000	0,051708
27,750000	0,049796
27,760000	0,052982
27,770000	0,051070
27,780000	0,053620
27,790000	0,056169
27,800000	0,056807
27,810000	0,057444
27,820000	0,059356
27,830000	0,060631
27,840000	0,061906
27,850000	0,063180
27,860000	0,067005
27,870000	0,070191
27,880000	0,072741
27,890000	0,077840
27,900000	0,078477
27,910000	0,082939
27,920000	0,084213
27,930000	0,090587
27,940000	0,093137
27,950000	0,095686
27,960000	0,101422
27,970000	0,099510
27,980000	0,102060
27,990000	0,105246
28,000000	0,105884
28,010000	0,107159
28,020000	0,107796
28,030000	0,111620
28,040000	0,110983
28,050000	0,111620
28,060000	0,112895
28,070000	0,116082
28,080000	0,114170
28,090000	0,114170
28,100000	0,114807
28,110000	0,115444
28,120000	0,112895
28,130000	0,116082
28,140000	0,113532
28,150000	0,114807
28,160000	0,109708
28,170000	0,109071
28,180000	0,100785
28,190000	0,098873
28,200000	0,093137
28,210000	0,089312
28,220000	0,083576
28,230000	0,081664
28,240000	0,075928
28,250000	0,075290
28,260000	0,074016
28,270000	0,071466
28,280000	0,065730
28,290000	0,067005
28,300000	0,063180
28,310000	0,063180
28,320000	0,062543
28,330000	0,061268
28,340000	0,057444
28,350000	0,059994
28,360000	0,056169
28,370000	0,055532
28,380000	0,054895
28,390000	0,055532
28,400000	0,053620
28,410000	0,052345
28,420000	0,052982
28,430000	0,052345
28,440000	0,050433
28,450000	0,051070
28,460000	0,051070
28,470000	0,051070
28,480000	0,050433
28,490000	0,050433
28,500000	0,049158
28,510000	0,049796
28,520000	0,047884
28,530000	0,050433
28,540000	0,047884
28,550000	0,050433
28,560000	0,047246
28,570000	0,049796
28,580000	0,047884
28,590000	0,049796
28,600000	0,047246
28,610000	0,045971
28,620000	0,047884
28,630000	0,048521
28,640000	0,045971
28,650000	0,045334
28,660000	0,047884
28,670000	0,047884
28,680000	0,046609
28,690000	0,047246
28,700000	0,045971
28,710000	0,049158
28,720000	0,046609
28,730000	0,048521
28,740000	0,050433
28,750000	0,048521
28,760000	0,050433
28,770000	0,052345
28,780000	0,050433
28,790000	0,052345
28,800000	0,055532
28,810000	0,056169
28,820000	0,056807
28,830000	0,058719
28,840000	0,059994
28,850000	0,063818
28,860000	0,065730
28,870000	0,067005
28,880000	0,070829
28,890000	0,073378
28,900000	0,076565
28,910000	0,080389
28,920000	0,081027
28,930000	0,086126
28,940000	0,089312
28,950000	0,091862
28,960000	0,094411
28,970000	0,097598
28,980000	0,098235
28,990000	0,099510
29,000000	0,102060
29,010000	0,104609
29,020000	0,109071
29,030000	0,107159
29,040000	0,109071
29,050000	0,110345
29,060000	0,110345
29,070000	0,108433
29,080000	0,111620
29,090000	0,112258
29,100000	0,113532
29,110000	0,111620
29,120000	0,113532
29,130000	0,112258
29,140000	0,115444
29,150000	0,112258
29,160000	0,113532
29,170000	0,110345
29,180000	0,105884
29,190000	0,099510
29,200000	0,095686
29,210000	0,091862
29,220000	0,087400
29,230000	0,081027
29,240000	0,082301
29,250000	0,076565
29,260000	0,075928
29,270000	0,070191
29,280000	0,068917
29,290000	0,068279
29,300000	0,065092
29,310000	0,063180
29,320000	0,062543
29,330000	0,059994
29,340000	0,059994
29,350000	0,058081
29,360000	0,059994
29,370000	0,057444
29,380000	0,055532
29,390000	0,056169
29,400000	0,055532
29,410000	0,052982
29,420000	0,051708
29,430000	0,050433
29,440000	0,053620
29,450000	0,051070
29,460000	0,051070
29,470000	0,051070
29,480000	0,051708
29,490000	0,049158
29,500000	0,049796
29,510000	0,051070
29,520000	0,050433
29,530000	0,047884
29,540000	0,047246
29,550000	0,048521
29,560000	0,047884
29,570000	0,047884
29,580000	0,047246
29,590000	0,050433
29,600000	0,047884
29,610000	0,047884
29,620000	0,051070
29,630000	0,049158
29,640000	0,047884
29,650000	0,047246
29,660000	0,045971
29,670000	0,045971
29,680000	0,049158
29,690000	0,046609
29,700000	0,047246
29,710000	0,048521
29,720000	0,049158
29,730000	0,049158
29,740000	0,049158
29,750000	0,050433
29,760000	0,051070
29,770000	0,050433
29,780000	0,052982
29,790000	0,053620
29,800000	0,054257
29,810000	0,054895
29,820000	0,056807
29,830000	0,058719
29,840000	0,059994
29,850000	0,062543
29,860000	0,063818
29,870000	0,065730
29,880000	0,068279
29,890000	0,071466
29,900000	0,072741
29,910000	0,076565
29,920000	0,078477
29,930000	0,082939
29,940000	0,088675
29,950000	0,092499
29,960000	0,090587
29,970000	0,096323
29,980000	0,098235
29,990000	0,102060
30,000000	0,103334
30,010000	0,104609
30,020000	0,104609
30,030000	0,107796
30,040000	0,109708
30,050000	0,109708
30,060000	0,109708
30,070000	0,111620
30,080000	0,112258
30,090000	0,114170
30,100000	0,112895
30,110000	0,112895
30,120000	0,117994
30,130000	0,114170
30,140000	0,112895
30,150000	0,114170
30,160000	0,115444
30,170000	0,112895
30,180000	0,108433
30,190000	0,107159
30,200000	0,102060
30,210000	0,095686
30,220000	0,094411
30,230000	0,090587
30,240000	0,083576
30,250000	0,084213
30,260000	0,081027
30,270000	0,079114
30,280000	0,072741
30,290000	0,071466
30,300000	0,067642
30,310000	0,067642
30,320000	0,065092
30,330000	0,063180
30,340000	0,060631
30,350000	0,060631
30,360000	0,059994
30,370000	0,058719
30,380000	0,058719
30,390000	0,056169
30,400000	0,055532
30,410000	0,053620
30,420000	0,054257
30,430000	0,054895
30,440000	0,054895
30,450000	0,052345
30,460000	0,049158
30,470000	0,050433
30,480000	0,050433
30,490000	0,050433
30,500000	0,049158
30,510000	0,050433
30,520000	0,048521
30,530000	0,048521
30,540000	0,049158
30,550000	0,049158
30,560000	0,050433
30,570000	0,050433
30,580000	0,049158
30,590000	0,048521
30,600000	0,048521
30,610000	0,049158
30,620000	0,045334
30,630000	0,047884
30,640000	0,047246
30,650000	0,045334
30,660000	0,044697
30,670000	0,044059
30,680000	0,046609
30,690000	0,048521
30,700000	0,046609
30,710000	0,047246
30,720000	0,049796
30,730000	0,047246
30,740000	0,047884
30,750000	0,049158
30,760000	0,047246
30,770000	0,049796
30,780000	0,049796
30,790000	0,051070
30,800000	0,052982
30,810000	0,055532
30,820000	0,053620
30,830000	0,056169
30,840000	0,058719
30,850000	0,058719
30,860000	0,061268
30,870000	0,062543
30,880000	0,066367
30,890000	0,068917
30,900000	0,067005
30,910000	0,074016
30,920000	0,075928
30,930000	0,079114
30,940000	0,084213
30,950000	0,084851
30,960000	0,091224
30,970000	0,091224
30,980000	0,095049
30,990000	0,095686
31,000000	0,100148
31,010000	0,103972
31,020000	0,103972
31,030000	0,106521
31,040000	0,103972
31,050000	0,110345
31,060000	0,111620
31,070000	0,105246
31,080000	0,107796
31,090000	0,110983
31,100000	0,110983
31,110000	0,112258
31,120000	0,112895
31,130000	0,112258
31,140000	0,112895
31,150000	0,112258
31,160000	0,116082
31,170000	0,112258
31,180000	0,109071
31,190000	0,109708
31,200000	0,101422
31,210000	0,099510
31,220000	0,095686
31,230000	0,091224
31,240000	0,088038
31,250000	0,084851
31,260000	0,080389
31,270000	0,078477
31,280000	0,074016
31,290000	0,072103
31,300000	0,068917
31,310000	0,068279
31,320000	0,065092
31,330000	0,061906
31,340000	0,061906
31,350000	0,063180
31,360000	0,058719
31,370000	0,058719
31,380000	0,057444
31,390000	0,060631
31,400000	0,056169
31,410000	0,054257
31,420000	0,052982
31,430000	0,053620
31,440000	0,054895
31,450000	0,052345
31,460000	0,050433
31,470000	0,051070
31,480000	0,050433
31,490000	0,052345
31,500000	0,052345
31,510000	0,049796
31,520000	0,049158
31,530000	0,049796
31,540000	0,049158
31,550000	0,045971
31,560000	0,049158
31,570000	0,051070
31,580000	0,049158
31,590000	0,050433
31,600000	0,047246
31,610000	0,048521
31,620000	0,047884
31,630000	0,050433
31,640000	0,045971
31,650000	0,048521
31,660000	0,048521
31,670000	0,046609
31,680000	0,047246
31,690000	0,047246
31,700000	0,045971
31,710000	0,047246
31,720000	0,045334
31,730000	0,048521
31,740000	0,047884
31,750000	0,049796
31,760000	0,048521
31,770000	0,050433
31,780000	0,049796
31,790000	0,051708
31,800000	0,050433
31,810000	0,054895
31,820000	0,054257
31,830000	0,056807
31,840000	0,058081
31,850000	0,056169
31,860000	0,061906
31,870000	0,061906
31,880000	0,062543
31,890000	0,066367
31,900000	0,066367
31,910000	0,071466
31,920000	0,073378
31,930000	0,078477
31,940000	0,078477
31,950000	0,083576
31,960000	0,084213
31,970000	0,092499
31,980000	0,092499
31,990000	0,095686
32,000000	0,096323
32,010000	0,104609
32,020000	0,101422
32,030000	0,104609
32,040000	0,102060
32,050000	0,110345
32,060000	0,105246
32,070000	0,105884
32,080000	0,109708
32,090000	0,114170
32,100000	0,110345
32,110000	0,116719
32,120000	0,111620
32,130000	0,114170
32,140000	0,112258
32,150000	0,116082
32,160000	0,101422
32,170000	0,116082
32,180000	0,114807
32,190000	0,118631
32,200000	0,116082
32,210000	0,117994
32,220000	0,114807
32,230000	0,123093
32,240000	0,117356
32,250000	0,118631
32,260000	0,117356
32,270000	0,116719
32,280000	0,117994
32,290000	0,119906
32,300000	0,116082
32,310000	0,118631
32,320000	0,104609
32,330000	0,122455
32,340000	0,120543
32,350000	0,119906
32,360000	0,120543
32,370000	0,121181
32,380000	0,119906
32,390000	0,123093
32,400000	0,119906
32,410000	0,123730
32,420000	0,119906
32,430000	0,119906
32,440000	0,123730
32,450000	0,123730
32,460000	0,123093
32,470000	0,123093
32,480000	0,114807
32,490000	0,121818
32,500000	0,119269
32,510000	0,123093
32,520000	0,121818
32,530000	0,123093
32,540000	0,125642
32,550000	0,126917
32,560000	0,122455
32,570000	0,124367
32,580000	0,121818
32,590000	0,124367
32,600000	0,125642
32,610000	0,126280
32,620000	0,123093
32,630000	0,125642
32,640000	0,126917
32,650000	0,125005
32,660000	0,124367
32,670000	0,127554
32,680000	0,123093
32,690000	0,127554
32,700000	0,124367
32,710000	0,129466
32,720000	0,125005
32,730000	0,126917
32,740000	0,125005
32,750000	0,126917
32,760000	0,127554
32,770000	0,125005
32,780000	0,126280
32,790000	0,125005
32,800000	0,125005
32,810000	0,126917
32,820000	0,122455
32,830000	0,126917
32,840000	0,124367
32,850000	0,125005
32,860000	0,125005
32,870000	0,125642
32,880000	0,132016
32,890000	0,125642
32,900000	0,125642
32,910000	0,126917
32,920000	0,125642
32,930000	0,128829
32,940000	0,126917
32,950000	0,122455
32,960000	0,126917
32,970000	0,127554
32,980000	0,128829
32,990000	0,127554
33,000000	0,127554
33,010000	0,126280
33,020000	0,128829
33,030000	0,128192
33,040000	0,133291
33,050000	0,128829
33,060000	0,127554
33,070000	0,126917
33,080000	0,127554
33,090000	0,126917
33,100000	0,128192
33,110000	0,137752
33,120000	0,126280
33,130000	0,130741
33,140000	0,130741
33,150000	0,130741
33,160000	0,128192
33,170000	0,130104
33,180000	0,129466
33,190000	0,132653
33,200000	0,138390
33,210000	0,131379
33,220000	0,126917
33,230000	0,130104
33,240000	0,129466
33,250000	0,128829
33,260000	0,127554
33,270000	0,126917
33,280000	0,129466
33,290000	0,130741
33,300000	0,128192
33,310000	0,130104
33,320000	0,130104
33,330000	0,130741
33,340000	0,131379
33,350000	0,128192
33,360000	0,139664
33,370000	0,129466
33,380000	0,132653
33,390000	0,132016
33,400000	0,135203
33,410000	0,127554
33,420000	0,132653
33,430000	0,132016
33,440000	0,132653
33,450000	0,130741
33,460000	0,130741
33,470000	0,130741
33,480000	0,130104
33,490000	0,133291
33,500000	0,133928
33,510000	0,131379
33,520000	0,140302
33,530000	0,132653
33,540000	0,133291
33,550000	0,133928
33,560000	0,130741
33,570000	0,131379
33,580000	0,132016
33,590000	0,133928
33,600000	0,133928
33,610000	0,133291
33,620000	0,130741
33,630000	0,132653
33,640000	0,130104
33,650000	0,130741
33,660000	0,132016
33,670000	0,132653
33,680000	0,143488
33,690000	0,133928
33,700000	0,133928
33,710000	0,133291
33,720000	0,133928
33,730000	0,133928
33,740000	0,132653
33,750000	0,133291
33,760000	0,135840
33,770000	0,135203
33,780000	0,135203
33,790000	0,134565
33,800000	0,134565
33,810000	0,135840
33,820000	0,134565
33,830000	0,133928
33,840000	0,135203
33,850000	0,135203
33,860000	0,135840
33,870000	0,133928
33,880000	0,134565
33,890000	0,135203
33,900000	0,133291
33,910000	0,134565
33,920000	0,132016
33,930000	0,135203
33,940000	0,133928
33,950000	0,136477
33,960000	0,135203
33,970000	0,121818
33,980000	0,131379
33,990000	0,133928
34,000000	0,132653
34,010000	0,135203
34,020000	0,133291
34,030000	0,132653
34,040000	0,135203
34,050000	0,137752
34,060000	0,141576
34,070000	0,136477
34,080000	0,135840
34,090000	0,137752
34,100000	0,132016
34,110000	0,134565
34,120000	0,137752
34,130000	0,135203
34,140000	0,134565
34,150000	0,138390
34,160000	0,136477
34,170000	0,135840
34,180000	0,133291
34,190000	0,137115
34,200000	0,133928
34,210000	0,139027
34,220000	0,135203
34,230000	0,137115
34,240000	0,135840
34,250000	0,134565
34,260000	0,134565
34,270000	0,123730
34,280000	0,134565
34,290000	0,135203
34,300000	0,138390
34,310000	0,134565
34,320000	0,134565
34,330000	0,134565
34,340000	0,139664
34,350000	0,133291
34,360000	0,147313
34,370000	0,136477
34,380000	0,133928
34,390000	0,135840
34,400000	0,137115
34,410000	0,137115
34,420000	0,136477
34,430000	0,139027
34,440000	0,132653
34,450000	0,133928
34,460000	0,135840
34,470000	0,134565
34,480000	0,133291
34,490000	0,137752
34,500000	0,137752
34,510000	0,137115
34,520000	0,143488
34,530000	0,136477
34,540000	0,134565
34,550000	0,135203
34,560000	0,133291
34,570000	0,133928
34,580000	0,136477
34,590000	0,130741
34,600000	0,138390
34,610000	0,132653
34,620000	0,133928
34,630000	0,136477
34,640000	0,135203
34,650000	0,137115
34,660000	0,137752
34,670000	0,136477
34,680000	0,132653
34,690000	0,135840
34,700000	0,139664
34,710000	0,137115
34,720000	0,135203
34,730000	0,134565
34,740000	0,136477
34,750000	0,140302
34,760000	0,139664
34,770000	0,135203
34,780000	0,135840
34,790000	0,132653
34,800000	0,137115
34,810000	0,133291
34,820000	0,137752
34,830000	0,136477
34,840000	0,132016
34,850000	0,135203
34,860000	0,135840
34,870000	0,137115
34,880000	0,137752
34,890000	0,135840
34,900000	0,137115
34,910000	0,135840
34,920000	0,135840
34,930000	0,135203
34,940000	0,133928
34,950000	0,138390
34,960000	0,137752
34,970000	0,137115
34,980000	0,136477
34,990000	0,146038
35,000000	0,135840
35,010000	0,135203
35,020000	0,134565
35,030000	0,137752
35,040000	0,138390
35,050000	0,140302
35,060000	0,135203
35,070000	0,140302
35,080000	0,125005
35,090000	0,139027
35,100000	0,136477
35,110000	0,139027
35,120000	0,137752
35,130000	0,137752
35,140000	0,136477
35,150000	0,126280
35,160000	0,135840
35,170000	0,137752
35,180000	0,137115
35,190000	0,139027
35,200000	0,133928
35,210000	0,133291
35,220000	0,133291
35,230000	0,135203
35,240000	0,135840
35,250000	0,138390
35,260000	0,133928
35,270000	0,135840
35,280000	0,136477
35,290000	0,140302
35,300000	0,136477
35,310000	0,146675
35,320000	0,132653
35,330000	0,136477
35,340000	0,136477
35,350000	0,139664
35,360000	0,135203
35,370000	0,137115
35,380000	0,136477
35,390000	0,137752
35,400000	0,135203
35,410000	0,136477
35,420000	0,134565
35,430000	0,140302
35,440000	0,134565
35,450000	0,139664
35,460000	0,136477
35,470000	0,138390
35,480000	0,133928
35,490000	0,137752
35,500000	0,135840
35,510000	0,139664
35,520000	0,140302
35,530000	0,139027
35,540000	0,140302
35,550000	0,140302
35,560000	0,138390
35,570000	0,139027
35,580000	0,139664
35,590000	0,136477
35,600000	0,138390
35,610000	0,141576
35,620000	0,137752
35,630000	0,140302
35,640000	0,137115
35,650000	0,137752
35,660000	0,137115
35,670000	0,137115
35,680000	0,133928
35,690000	0,138390
35,700000	0,137115
35,710000	0,137752
35,720000	0,139027
35,730000	0,137752
35,740000	0,139027
35,750000	0,137752
35,760000	0,138390
35,770000	0,139664
35,780000	0,135840
35,790000	0,140302
35,800000	0,137752
35,810000	0,140302
35,820000	0,140302
35,830000	0,138390
35,840000	0,138390
35,850000	0,141576
35,860000	0,138390
35,870000	0,141576
35,880000	0,138390
35,890000	0,137752
35,900000	0,138390
35,910000	0,142214
35,920000	0,137115
35,930000	0,142851
35,940000	0,137115
35,950000	0,140302
35,960000	0,137752
35,970000	0,141576
35,980000	0,137115
35,990000	0,137752
36,000000	0,136477
36,010000	0,140939
36,020000	0,141576
36,030000	0,139027
36,040000	0,142851
36,050000	0,140302
36,060000	0,142214
36,070000	0,141576
36,080000	0,136477
36,090000	0,142214
36,100000	0,137752
36,110000	0,140939
36,120000	0,141576
36,130000	0,141576
36,140000	0,140939
36,150000	0,139027
36,160000	0,141576
36,170000	0,137752
36,180000	0,140302
36,190000	0,141576
36,200000	0,135840
36,210000	0,140939
36,220000	0,137752
36,230000	0,139664
36,240000	0,139027
36,250000	0,137752
36,260000	0,140302
36,270000	0,140302
36,280000	0,137115
36,290000	0,140939
36,300000	0,138390
36,310000	0,141576
36,320000	0,139027
36,330000	0,140302
36,340000	0,137115
36,350000	0,140939
36,360000	0,137752
36,370000	0,140302
36,380000	0,138390
36,390000	0,142851
36,400000	0,137752
36,410000	0,139664
36,420000	0,139027
36,430000	0,139664
36,440000	0,137752
36,450000	0,142214
36,460000	0,135840
36,470000	0,140302
36,480000	0,139664
36,490000	0,139664
36,500000	0,140302
36,510000	0,143488
36,520000	0,140939
36,530000	0,139027
36,540000	0,139664
36,550000	0,142851
36,560000	0,135840
36,570000	0,139664
36,580000	0,140302
36,590000	0,142214
36,600000	0,139664
36,610000	0,139664
36,620000	0,137752
36,630000	0,140302
36,640000	0,138390
36,650000	0,139664
36,660000	0,137115
36,670000	0,139664
36,680000	0,138390
36,690000	0,139664
36,700000	0,137752
36,710000	0,138390
36,720000	0,140302
36,730000	0,141576
36,740000	0,138390
36,750000	0,140939
36,760000	0,137115
36,770000	0,138390
36,780000	0,139027
36,790000	0,139664
36,800000	0,139027
36,810000	0,139027
36,820000	0,140302
36,830000	0,141576
36,840000	0,136477
36,850000	0,139664
36,860000	0,139027
36,870000	0,140939
36,880000	0,140302
36,890000	0,140302
36,900000	0,137115
36,910000	0,140939
36,920000	0,140939
36,930000	0,138390
36,940000	0,135203
36,950000	0,141576
36,960000	0,137115
36,970000	0,139027
36,980000	0,139027
36,990000	0,140939
37,000000	0,135203
37,010000	0,138390
37,020000	0,137115
37,030000	0,139664
37,040000	0,137752
37,050000	0,141576
37,060000	0,140302
37,070000	0,139664
37,080000	0,134565
37,090000	0,140939
37,100000	0,140939
37,110000	0,139664
37,120000	0,136477
37,130000	0,139027
37,140000	0,140302
37,150000	0,137752
37,160000	0,137752
37,170000	0,141576
37,180000	0,139664
37,190000	0,142851
37,200000	0,139027
37,210000	0,138390
37,220000	0,137115
37,230000	0,140302
37,240000	0,140302
37,250000	0,140302
37,260000	0,138390
37,270000	0,140939
37,280000	0,139027
37,290000	0,140302
37,300000	0,139027
37,310000	0,139027
37,320000	0,136477
37,330000	0,142214
37,340000	0,135203
37,350000	0,142214
37,360000	0,138390
37,370000	0,140939
37,380000	0,139027
37,390000	0,141576
37,400000	0,139664
37,410000	0,139664
37,420000	0,140302
37,430000	0,142214
37,440000	0,137752
37,450000	0,139664
37,460000	0,137752
37,470000	0,140302
37,480000	0,142214
37,490000	0,139664
37,500000	0,140302
37,510000	0,142851
37,520000	0,140302
37,530000	0,141576
37,540000	0,137752
37,550000	0,138390
37,560000	0,140302
37,570000	0,141576
37,580000	0,137752
37,590000	0,140302
37,600000	0,143488
37,610000	0,139664
37,620000	0,141576
37,630000	0,140302
37,640000	0,142851
37,650000	0,142214
37,660000	0,139027
37,670000	0,141576
37,680000	0,140939
37,690000	0,142851
37,700000	0,139027
37,710000	0,140939
37,720000	0,142214
37,730000	0,140939
37,740000	0,140302
37,750000	0,138390
37,760000	0,138390
37,770000	0,142851
37,780000	0,140302
37,790000	0,142851
37,800000	0,139664
37,810000	0,142851
37,820000	0,140939
37,830000	0,141576
37,840000	0,139027
37,850000	0,142851
37,860000	0,140939
37,870000	0,140939
37,880000	0,140302
37,890000	0,141576
37,900000	0,139664
37,910000	0,142851
37,920000	0,142214
37,930000	0,143488
37,940000	0,140302
37,950000	0,140939
37,960000	0,139664
37,970000	0,142214
37,980000	0,139664
37,990000	0,140939
38,000000	0,142851
38,010000	0,141576
38,020000	0,141576
38,030000	0,140939
38,040000	0,141576
38,050000	0,142851
38,060000	0,141576
38,070000	0,142851
38,080000	0,141576
38,090000	0,142851
38,100000	0,142851
38,110000	0,141576
38,120000	0,140302
38,130000	0,141576
38,140000	0,140939
38,150000	0,141576
38,160000	0,142851
38,170000	0,141576
38,180000	0,142851
38,190000	0,142851
38,200000	0,139027
38,210000	0,142214
38,220000	0,144126
38,230000	0,140939
38,240000	0,139027
38,250000	0,141576
38,260000	0,142851
38,270000	0,142214
38,280000	0,142851
38,290000	0,139027
38,300000	0,144126
38,310000	0,143488
38,320000	0,142214
38,330000	0,141576
38,340000	0,142851
38,350000	0,142851
38,360000	0,138390
38,370000	0,142851
38,380000	0,140302
38,390000	0,142214
38,400000	0,142214
38,410000	0,142851
38,420000	0,139664
38,430000	0,143488
38,440000	0,140302
38,450000	0,142851
38,460000	0,142214
38,470000	0,140302
38,480000	0,140939
38,490000	0,140302
38,500000	0,141576
38,510000	0,142851
38,520000	0,142214
38,530000	0,143488
38,540000	0,140302
38,550000	0,142851
38,560000	0,144126
38,570000	0,142851
38,580000	0,139664
38,590000	0,145401
38,600000	0,140302
38,610000	0,144763
38,620000	0,138390
38,630000	0,143488
38,640000	0,139664
38,650000	0,144763
38,660000	0,138390
38,670000	0,141576
38,680000	0,142851
38,690000	0,143488
38,700000	0,145401
38,710000	0,140302
38,720000	0,143488
38,730000	0,139664
38,740000	0,139664
38,750000	0,140939
38,760000	0,142214
38,770000	0,139664
38,780000	0,141576
38,790000	0,142851
38,800000	0,138390
38,810000	0,140302
38,820000	0,142214
38,830000	0,142851
38,840000	0,142851
38,850000	0,139664
38,860000	0,140939
38,870000	0,142851
38,880000	0,137752
38,890000	0,140939
38,900000	0,141576
38,910000	0,143488
38,920000	0,140302
38,930000	0,143488
38,940000	0,141576
38,950000	0,142851
38,960000	0,141576
38,970000	0,144126
38,980000	0,140939
38,990000	0,140939
39,000000	0,141576
39,010000	0,141576
39,020000	0,142851
39,030000	0,141576
39,040000	0,140302
39,050000	0,138390
39,060000	0,140939
39,070000	0,141576
39,080000	0,137752
39,090000	0,142214
39,100000	0,142851
39,110000	0,142851
39,120000	0,139027
39,130000	0,139664
39,140000	0,137752
39,150000	0,141576
39,160000	0,140939
39,170000	0,142851
39,180000	0,139027
39,190000	0,142214
39,200000	0,142214
39,210000	0,139664
39,220000	0,139664
39,230000	0,137752
39,240000	0,140939
39,250000	0,140302
39,260000	0,137752
39,270000	0,140939
39,280000	0,143488
39,290000	0,140939
39,300000	0,142214
39,310000	0,142214
39,320000	0,141576
39,330000	0,141576
39,340000	0,140302
39,350000	0,140939
39,360000	0,141576
39,370000	0,143488
39,380000	0,143488
39,390000	0,142851
39,400000	0,143488
39,410000	0,140302
39,420000	0,142851
39,430000	0,140939
39,440000	0,141576
39,450000	0,143488
39,460000	0,140302
39,470000	0,141576
39,480000	0,140302
39,490000	0,142851
39,500000	0,143488
39,510000	0,143488
39,520000	0,140302
39,530000	0,142851
39,540000	0,143488
39,550000	0,142851
39,560000	0,145401
39,570000	0,140302
39,580000	0,139664
39,590000	0,142851
39,600000	0,139027
39,610000	0,140939
39,620000	0,143488
39,630000	0,142851
39,640000	0,144763
39,650000	0,142851
39,660000	0,141576
39,670000	0,140939
39,680000	0,142851
39,690000	0,140302
39,700000	0,142214
39,710000	0,142214
39,720000	0,142851
39,730000	0,141576
39,740000	0,145401
39,750000	0,141576
39,760000	0,142214
39,770000	0,142214
39,780000	0,144126
39,790000	0,142851
39,800000	0,145401
39,810000	0,142214
39,820000	0,148587
39,830000	0,141576
39,840000	0,143488
39,850000	0,140939
39,860000	0,140939
39,870000	0,142851
39,880000	0,141576
39,890000	0,141576
39,900000	0,144763
39,910000	0,140939
39,920000	0,144763
39,930000	0,142851
39,940000	0,140302
39,950000	0,143488
39,960000	0,139664
39,970000	0,144763
39,980000	0,142851
39,990000	0,146675
40,000000	0,139027
40,010000	0,146038
40,020000	0,142851
40,030000	0,145401
40,040000	0,140302
40,050000	0,143488
40,060000	0,142851
40,070000	0,144763
40,080000	0,142851
40,090000	0,142851
40,100000	0,141576
40,110000	0,140302
40,120000	0,142214
40,130000	0,142214
40,140000	0,140939
40,150000	0,147950
40,160000	0,138390
40,170000	0,144763
40,180000	0,142851
40,190000	0,142214
40,200000	0,142851
40,210000	0,143488
40,220000	0,143488
40,230000	0,144763
40,240000	0,138390
40,250000	0,146675
40,260000	0,143488
40,270000	0,147950
40,280000	0,146038
40,290000	0,143488
40,300000	0,141576
40,310000	0,146675
40,320000	0,146675
40,330000	0,144126
40,340000	0,142851
40,350000	0,142851
40,360000	0,140939
40,370000	0,144763
40,380000	0,139027
40,390000	0,143488
40,400000	0,142214
40,410000	0,142851
40,420000	0,142214
40,430000	0,142214
40,440000	0,142214
40,450000	0,146038
40,460000	0,137752
40,470000	0,144763
40,480000	0,142851
40,490000	0,144763
40,500000	0,143488
40,510000	0,144126
40,520000	0,141576
40,530000	0,141576
40,540000	0,142851
40,550000	0,144763
40,560000	0,144763
40,570000	0,144126
40,580000	0,142851
40,590000	0,144763
40,600000	0,139664
40,610000	0,142851
40,620000	0,140302
40,630000	0,141576
40,640000	0,141576
40,650000	0,146675
40,660000	0,143488
40,670000	0,140939
40,680000	0,141576
40,690000	0,140302
40,700000	0,142851
40,710000	0,142851
40,720000	0,141576
40,730000	0,142851
40,740000	0,142214
40,750000	0,143488
40,760000	0,146675
40,770000	0,142851
40,780000	0,143488
40,790000	0,139664
40,800000	0,145401
40,810000	0,140302
40,820000	0,144763
40,830000	0,142214
40,840000	0,139664
40,850000	0,141576
40,860000	0,140302
40,870000	0,140302
40,880000	0,139027
40,890000	0,143488
40,900000	0,140302
40,910000	0,143488
40,920000	0,140302
40,930000	0,142851
40,940000	0,140939
40,950000	0,142851
40,960000	0,140939
40,970000	0,139027
40,980000	0,140939
40,990000	0,142851
41,000000	0,139664
41,010000	0,137752
41,020000	0,141576
41,030000	0,139664
41,040000	0,140302
41,050000	0,141576
41,060000	0,142851
41,070000	0,141576
41,080000	0,140302
41,090000	0,145401
41,100000	0,140302
41,110000	0,144763
41,120000	0,141576
41,130000	0,145401
41,140000	0,139027
41,150000	0,144763
41,160000	0,142214
41,170000	0,140302
41,180000	0,140939
41,190000	0,140939
41,200000	0,139027
41,210000	0,143488
41,220000	0,142214
41,230000	0,145401
41,240000	0,139664
41,250000	0,144126
41,260000	0,139664
41,270000	0,143488
41,280000	0,140302
41,290000	0,143488
41,300000	0,142214
41,310000	0,142214
41,320000	0,140302
41,330000	0,142851
41,340000	0,140302
41,350000	0,142851
41,360000	0,138390
41,370000	0,142851
41,380000	0,142214
41,390000	0,142851
41,400000	0,137752
41,410000	0,140939
41,420000	0,139027
41,430000	0,140939
41,440000	0,140939
41,450000	0,143488
41,460000	0,140302
41,470000	0,142851
41,480000	0,140939
41,490000	0,143488
41,500000	0,140302
41,510000	0,140302
41,520000	0,141576
41,530000	0,142851
41,540000	0,147313
41,550000	0,140939
41,560000	0,142851
41,570000	0,142214
41,580000	0,142851
41,590000	0,147313
41,600000	0,143488
41,610000	0,142214
41,620000	0,138390
41,630000	0,144126
41,640000	0,139664
41,650000	0,142214
41,660000	0,145401
41,670000	0,144126
41,680000	0,140302
41,690000	0,145401
41,700000	0,144126
41,710000	0,143488
41,720000	0,149225
41,730000	0,144763
41,740000	0,140939
41,750000	0,146675
41,760000	0,142851
41,770000	0,142851
41,780000	0,139027
41,790000	0,143488
41,800000	0,142851
41,810000	0,144126
41,820000	0,147950
41,830000	0,140939
41,840000	0,142851
41,850000	0,142851
41,860000	0,142851
41,870000	0,142851
41,880000	0,147950
41,890000	0,140302
41,900000	0,143488
41,910000	0,144126
41,920000	0,144126
41,930000	0,141576
41,940000	0,144126
41,950000	0,143488
41,960000	0,143488
41,970000	0,142851
41,980000	0,147950
41,990000	0,142214
42,000000	0,146038
42,010000	0,141576
42,020000	0,144763
42,030000	0,140302
42,040000	0,146038
42,050000	0,142851
42,060000	0,142214
42,070000	0,143488
42,080000	0,147950
42,090000	0,142851
42,100000	0,145401
42,110000	0,145401
42,120000	0,141576
42,130000	0,144763
42,140000	0,144126
42,150000	0,144763
42,160000	0,142851
42,170000	0,144763
42,180000	0,142851
42,190000	0,146675
42,200000	0,141576
42,210000	0,144126
42,220000	0,141576
42,230000	0,144126
42,240000	0,144126
42,250000	0,144126
42,260000	0,146038
42,270000	0,146675
42,280000	0,147950
42,290000	0,144126
42,300000	0,144126
42,310000	0,147950
42,320000	0,145401
42,330000	0,147313
42,340000	0,140939
42,350000	0,141576
42,360000	0,144126
42,370000	0,144763
42,380000	0,142851
42,390000	0,142851
42,400000	0,144763
42,410000	0,140939
42,420000	0,146675
42,430000	0,145401
42,440000	0,144763
42,450000	0,145401
42,460000	0,142851
42,470000	0,146038
42,480000	0,144763
42,490000	0,147313
42,500000	0,139664
42,510000	0,146038
42,520000	0,144763
42,530000	0,142851
42,540000	0,144763
42,550000	0,145401
42,560000	0,139664
42,570000	0,144126
42,580000	0,144763
42,590000	0,140939
42,600000	0,144126
42,610000	0,145401
42,620000	0,144763
42,630000	0,144126
42,640000	0,144126
42,650000	0,141576
42,660000	0,145401
42,670000	0,142851
42,680000	0,142851
42,690000	0,142851
42,700000	0,144126
42,710000	0,141576
42,720000	0,140302
42,730000	0,146675
42,740000	0,144126
42,750000	0,142214
42,760000	0,140302
42,770000	0,143488
42,780000	0,145401
42,790000	0,140302
42,800000	0,142214
42,810000	0,141576
42,820000	0,143488
42,830000	0,144763
42,840000	0,143488
42,850000	0,140939
42,860000	0,142851
42,870000	0,139664
42,880000	0,142851
42,890000	0,143488
42,900000	0,144126
42,910000	0,142214
42,920000	0,146038
42,930000	0,144126
42,940000	0,140302
42,950000	0,142851
42,960000	0,144763
42,970000	0,142851
42,980000	0,144763
42,990000	0,141576
43,000000	0,142851
43,010000	0,143488
43,020000	0,139664
43,030000	0,140302
43,040000	0,142851
43,050000	0,141576
43,060000	0,138390
43,070000	0,142851
43,080000	0,144763
43,090000	0,142851
43,100000	0,142851
43,110000	0,142851
43,120000	0,142214
43,130000	0,139027
43,140000	0,143488
43,150000	0,141576
43,160000	0,143488
43,170000	0,140939
43,180000	0,137752
43,190000	0,140302
43,200000	0,142214
43,210000	0,140939
43,220000	0,139664
43,230000	0,143488
43,240000	0,141576
43,250000	0,139664
43,260000	0,140302
43,270000	0,142851
43,280000	0,142214
43,290000	0,143488
43,300000	0,142851
43,310000	0,144126
43,320000	0,146675
43,330000	0,142851
43,340000	0,142851
43,350000	0,140302
43,360000	0,140939
43,370000	0,143488
43,380000	0,144126
43,390000	0,143488
43,400000	0,144763
43,410000	0,142851
43,420000	0,139664
43,430000	0,146038
43,440000	0,144763
43,450000	0,145401
43,460000	0,140302
43,470000	0,148587
43,480000	0,142851
43,490000	0,149225
43,500000	0,142214
43,510000	0,148587
43,520000	0,140302
43,530000	0,142214
43,540000	0,141576
43,550000	0,142214
43,560000	0,143488
43,570000	0,141576
43,580000	0,142851
43,590000	0,144126
43,600000	0,143488
43,610000	0,143488
43,620000	0,142214
43,630000	0,142851
43,640000	0,142851
43,650000	0,142851
43,660000	0,144763
43,670000	0,144763
43,680000	0,142851
43,690000	0,142214
43,700000	0,140939
43,710000	0,138390
43,720000	0,140939
43,730000	0,141576
43,740000	0,146038
43,750000	0,144126
43,760000	0,172170
43,770000	0,146038
43,780000	0,168346
43,790000	0,144763
43,800000	0,144763
43,810000	0,146038
43,820000	0,145401
43,830000	0,130104
43,840000	0,139027
43,850000	0,146038
43,860000	0,145401
43,870000	0,145401
43,880000	0,142214
43,890000	0,142851
43,900000	0,143488
43,910000	0,144763
43,920000	0,141576
43,930000	0,146675
43,940000	0,140302
43,950000	0,132653
43,960000	0,144126
43,970000	0,146038
43,980000	0,146675
43,990000	0,142851
44,000000	0,153049
44,010000	0,146675
44,020000	0,145401
44,030000	0,150499
44,040000	0,146038
44,050000	0,147313
44,060000	0,144763
44,070000	0,147313
44,080000	0,147950
44,090000	0,140302
44,100000	0,143488
44,110000	0,144126
44,120000	0,147313
44,130000	0,144126
44,140000	0,144763
44,150000	0,144763
44,160000	0,142851
44,170000	0,145401
44,180000	0,146038
44,190000	0,149225
44,200000	0,143488
44,210000	0,150499
44,220000	0,144126
44,230000	0,147950
44,240000	0,148587
44,250000	0,144126
44,260000	0,142851
44,270000	0,141576
44,280000	0,146038
44,290000	0,147950
44,300000	0,147313
44,310000	0,144126
44,320000	0,146038
44,330000	0,145401
44,340000	0,144763
44,350000	0,142214
44,360000	0,150499
44,370000	0,145401
44,380000	0,144126
44,390000	0,140302
44,400000	0,143488
44,410000	0,145401
44,420000	0,143488
44,430000	0,144763
44,440000	0,146038
44,450000	0,146675
44,460000	0,143488
44,470000	0,147313
44,480000	0,149862
44,490000	0,145401
44,500000	0,149225
44,510000	0,141576
44,520000	0,144126
44,530000	0,148587
44,540000	0,143488
44,550000	0,141576
44,560000	0,140302
44,570000	0,142851
44,580000	0,146675
44,590000	0,144763
44,600000	0,136477
44,610000	0,147950
44,620000	0,140939
44,630000	0,147950
44,640000	0,140939
44,650000	0,142851
44,660000	0,143488
44,670000	0,141576
44,680000	0,119269
44,690000	0,144763
44,700000	0,146675
44,710000	0,142851
44,720000	0,142214
44,730000	0,165796
44,740000	0,142851
44,750000	0,142851
44,760000	0,141576
44,770000	0,138390
44,780000	0,142851
44,790000	0,144763
44,800000	0,147950
44,810000	0,145401
44,820000	0,147313
44,830000	0,145401
44,840000	0,142851
44,850000	0,145401
44,860000	0,144763
44,870000	0,146675
44,880000	0,140939
44,890000	0,147313
44,900000	0,142851
44,910000	0,142214
44,920000	0,136477
44,930000	0,142851
44,940000	0,141576
44,950000	0,142851
44,960000	0,145401
44,970000	0,154324
44,980000	0,143488
44,990000	0,143488
45,000000	0,142214
45,010000	0,140302
45,020000	0,139027
45,030000	0,140302
45,040000	0,142851
45,050000	0,142851
45,060000	0,145401
45,070000	0,140302
45,080000	0,140939
45,090000	0,157511
45,100000	0,141576
45,110000	0,142851
45,120000	0,143488
45,130000	0,144763
45,140000	0,156236
45,150000	0,140302
45,160000	0,140939
45,170000	0,145401
45,180000	0,140302
45,190000	0,133291
45,200000	0,144763
45,210000	0,142214
45,220000	0,139664
45,230000	0,140939
45,240000	0,150499
45,250000	0,142214
45,260000	0,132016
45,270000	0,142851
45,280000	0,148587
45,290000	0,140939
45,300000	0,147313
45,310000	0,149862
45,320000	0,144763
45,330000	0,137752
45,340000	0,141576
45,350000	0,146675
45,360000	0,140939
45,370000	0,142214
45,380000	0,142851
45,390000	0,141576
45,400000	0,144126
45,410000	0,140939
45,420000	0,144763
45,430000	0,142214
45,440000	0,142851
45,450000	0,143488
45,460000	0,144763
45,470000	0,140939
45,480000	0,143488
45,490000	0,147313
45,500000	0,143488
45,510000	0,139664
45,520000	0,144126
45,530000	0,143488
45,540000	0,144763
45,550000	0,139664
45,560000	0,145401
45,570000	0,145401
45,580000	0,141576
45,590000	0,141576
45,600000	0,144763
45,610000	0,141576
45,620000	0,145401
45,630000	0,144126
45,640000	0,140939
45,650000	0,144126
45,660000	0,147313
45,670000	0,142214
45,680000	0,146675
45,690000	0,139664
45,700000	0,143488
45,710000	0,144126
45,720000	0,142214
45,730000	0,146675
45,740000	0,142851
45,750000	0,143488
45,760000	0,148587
45,770000	0,140302
45,780000	0,145401
45,790000	0,141576
45,800000	0,144763
45,810000	0,141576
45,820000	0,147313
45,830000	0,145401
45,840000	0,146675
45,850000	0,142214
45,860000	0,144763
45,870000	0,146038
45,880000	0,146675
45,890000	0,141576
45,900000	0,146038
45,910000	0,144126
45,920000	0,142214
45,930000	0,144126
45,940000	0,146038
45,950000	0,142851
45,960000	0,142851
45,970000	0,143488
45,980000	0,150499
45,990000	0,144126
